69.50000 0.000
69.50000 268.000
69.50833 260.000
69.51667 247.000
69.52500 236.000
69.53333 226.000
69.54167 217.000
69.55000 207.000
69.55833 196.000
69.56667 188.000
69.57500 186.000
69.58333 193.000
69.59167 206.000
69.60000 218.000
69.60833 226.000
69.61667 229.000
69.62500 229.000
69.63333 227.000
69.64167 222.000
69.65000 213.000
69.65833 206.000
69.66667 199.000
69.67500 188.000
69.68333 177.000
69.69167 180.000
69.70000 191.000
69.70833 197.000
69.71667 208.000
69.72500 220.000
69.73333 226.000
69.74167 227.000
69.75000 229.000
69.75833 234.000
69.76667 237.000
69.77500 239.000
69.78333 242.000
69.79167 244.000
69.80000 245.000
69.80833 243.000
69.81667 241.000
69.82500 240.000
69.83333 239.000
69.84167 235.000
69.85000 229.000
69.85833 223.000
69.86667 216.000
69.87500 210.000
69.88333 205.000
69.89167 194.000
69.90000 173.000
69.90833 150.000
69.91667 141.000
69.92500 141.000
69.93333 141.000
69.94167 141.000
69.95000 143.000
69.95833 146.000
69.96667 151.000
69.97500 153.000
69.98333 153.000
69.99167 151.000
70.00000 148.000
70.00833 146.000
70.01667 148.000
70.02500 152.000
70.03333 155.000
70.04167 158.000
70.05000 162.000
70.05833 167.000
70.06667 170.000
70.07500 173.000
70.08333 179.000
70.09167 187.000
70.10000 198.000
70.10833 211.000
70.11667 223.000
70.12500 233.000
70.13333 245.000
70.14167 257.000
70.15000 266.000
70.15833 269.000
70.16667 269.000
70.17500 267.000
70.18333 264.000
70.19167 262.000
70.20000 258.000
70.20833 252.000
70.21667 249.000
70.22500 248.000
70.23333 247.000
70.24167 248.000
70.25000 248.000
70.25833 247.000
70.26667 247.000
70.27500 246.000
70.28333 246.000
70.29167 245.000
70.30000 245.000
70.30833 245.000
70.31667 244.000
70.32500 243.000
70.33333 242.000
70.34167 242.000
70.35000 242.000
70.35833 241.000
70.36667 242.000
70.37500 243.000
70.38333 243.000
70.39167 244.000
70.40000 246.000
70.40833 247.000
70.41667 247.000
70.42500 247.000
70.43333 248.000
70.44167 248.000
70.45000 249.000
70.45833 249.000
70.46667 249.000
70.47500 250.000
70.48333 250.000
70.49167 250.000
70.50000 250.000
70.50833 250.000
70.51667 250.000
70.52500 250.000
70.53333 250.000
70.54167 249.000
70.55000 250.000
70.55833 250.000
70.56667 250.000
70.57500 249.000
70.58333 249.000
70.59167 248.000
70.60000 248.000
70.60833 246.000
70.61667 244.000
70.62500 243.000
70.63333 241.000
70.64167 239.000
70.65000 237.000
70.65833 235.000
70.66667 231.000
70.67500 228.000
70.68333 225.000
70.69167 223.000
70.70000 222.000
70.70833 221.000
70.71667 220.000
70.72500 219.000
70.73333 218.000
70.74167 218.000
70.75000 217.000
70.75833 215.000
70.76667 213.000
70.77500 212.000
70.78333 211.000
70.79167 211.000
70.80000 210.000
70.80833 210.000
70.81667 210.000
70.82500 209.000
70.83333 208.000
70.84167 208.000
70.85000 209.000
70.85833 209.000
70.86667 209.000
70.87500 210.000
70.88333 210.000
70.89167 210.000
70.90000 211.000
70.90833 212.000
70.91667 212.000
70.92500 212.000
70.93333 213.000
70.94167 214.000
70.95000 215.000
70.95833 215.000
70.96667 216.000
70.97500 216.000
70.98333 216.000
70.99167 217.000
71.00000 219.000
71.00833 221.000
71.01667 223.000
71.02500 224.000
71.03333 226.000
71.04167 227.000
71.05000 227.000
71.05833 228.000
71.06667 228.000
71.07500 229.000
71.08333 230.000
71.09167 231.000
71.10000 233.000
71.10833 235.000
71.11667 237.000
71.12500 238.000
71.13333 237.000
71.14167 238.000
71.15000 239.000
71.15833 240.000
71.16667 240.000
71.17500 241.000
71.18333 241.000
71.19167 241.000
71.20000 241.000
71.20833 242.000
71.21667 243.000
71.22500 245.000
71.23333 247.000
71.24167 249.000
71.25000 250.000
71.25833 249.000
71.26667 250.000
71.27500 251.000
71.28333 249.000
71.29167 248.000
71.30000 249.000
71.30833 251.000
71.31667 255.000
71.32500 261.000
71.33333 267.000
71.34167 271.000
71.35000 273.000
71.35833 275.000
71.36667 277.000
71.37500 276.000
71.38333 273.000
71.39167 270.000
71.40000 267.000
71.40833 264.000
71.41667 263.000
71.42500 263.000
71.43333 264.000
71.44167 264.000
71.45000 264.000
71.45833 266.000
71.46667 269.000
71.47500 272.000
71.48333 277.000
71.49167 279.000
71.50000 279.000
71.50833 279.000
71.51667 279.000
71.52500 281.000
71.53333 284.000
71.54167 288.000
71.55000 291.000
71.55833 291.000
71.56667 288.000
71.57500 284.000
71.58333 277.000
71.59167 270.000
71.60000 266.000
71.60833 268.000
71.61667 270.000
71.62500 271.000
71.63333 273.000
71.64167 275.000
71.65000 278.000
71.65833 284.000
71.66667 290.000
71.67500 293.000
71.68333 294.000
71.69167 293.000
71.70000 288.000
71.70833 288.000
71.71667 289.000
71.72500 287.000
71.73333 289.000
71.74167 298.000
71.75000 309.000
71.75833 314.000
71.76667 316.000
71.77500 319.000
71.78333 324.000
71.79167 327.000
71.80000 325.000
71.80833 317.000
71.81667 307.000
71.82500 294.000
71.83333 276.000
71.84167 263.000
71.85000 259.000
71.85833 255.000
71.86667 249.000
71.87500 243.000
71.88333 237.000
71.89167 230.000
71.90000 224.000
71.90833 220.000
71.91667 225.000
71.92500 238.000
71.93333 248.000
71.94167 253.000
71.95000 256.000
71.95833 258.000
71.96667 259.000
71.97500 261.000
71.98333 263.000
71.99167 265.000
72.00000 267.000
72.00833 270.000
72.01667 271.000
72.02500 270.000
72.03333 268.000
72.04167 268.000
72.05000 269.000
72.05833 266.000
72.06667 262.000
72.07500 260.000
72.08333 258.000
72.09167 254.000
72.10000 252.000
72.10833 252.000
72.11667 252.000
72.12500 251.000
72.13333 250.000
72.14167 249.000
72.15000 249.000
72.15833 251.000
72.16667 254.000
72.17500 257.000
72.18333 260.000
72.19167 265.000
72.20000 268.000
72.20833 269.000
72.21667 267.000
72.22500 265.000
72.23333 264.000
72.24167 264.000
72.25000 264.000
72.25833 267.000
72.26667 270.000
72.27500 273.000
72.28333 275.000
72.29167 276.000
72.30000 277.000
72.30833 279.000
72.31667 281.000
72.32500 282.000
72.33333 282.000
72.34167 281.000
72.35000 281.000
72.35833 281.000
72.36667 281.000
72.37500 282.000
72.38333 282.000
72.39167 281.000
72.40000 281.000
72.40833 281.000
72.41667 281.000
72.42500 282.000
72.43333 283.000
72.44167 285.000
72.45000 287.000
72.45833 288.000
72.46667 289.000
72.47500 291.000
72.48333 290.000
72.49167 289.000
72.50000 288.000
72.50833 287.000
72.51667 287.000
72.52500 288.000
72.53333 288.000
72.54167 289.000
72.55000 290.000
72.55833 291.000
72.56667 292.000
72.57500 295.000
72.58333 298.000
72.59167 301.000
72.60000 302.000
72.60833 301.000
72.61667 300.000
72.62500 299.000
72.63333 299.000
72.64167 299.000
72.65000 299.000
72.65833 298.000
72.66667 294.000
72.67500 290.000
72.68333 287.000
72.69167 284.000
72.70000 280.000
72.70833 277.000
72.71667 275.000
72.72500 272.000
72.73333 269.000
72.74167 266.000
72.75000 263.000
72.75833 259.000
72.76667 256.000
72.77500 254.000
72.78333 252.000
72.79167 250.000
72.80000 248.000
72.80833 246.000
72.81667 242.000
72.82500 239.000
72.83333 235.000
72.84167 231.000
72.85000 228.000
72.85833 225.000
72.86667 223.000
72.87500 221.000
72.88333 220.000
72.89167 220.000
72.90000 218.000
72.90833 215.000
72.91667 213.000
72.92500 212.000
72.93333 211.000
72.94167 212.000
72.95000 214.000
72.95833 214.000
72.96667 212.000
72.97500 212.000
72.98333 214.000
72.99167 216.000
73.00000 216.000
73.00833 218.000
73.01667 220.000
73.02500 221.000
73.03333 222.000
73.04167 222.000
73.05000 223.000
73.05833 224.000
73.06667 225.000
73.07500 227.000
73.08333 235.000
73.09167 249.000
73.10000 253.000
73.10833 247.000
73.11667 242.000
73.12500 239.000
73.13333 234.000
73.14167 230.000
73.15000 229.000
73.15833 228.000
73.16667 226.000
73.17500 225.000
73.18333 222.000
73.19167 215.000
73.20000 209.000
73.20833 207.000
73.21667 205.000
73.22500 201.000
73.23333 198.000
73.24167 196.000
73.25000 200.000
73.25833 212.000
73.26667 231.000
73.27500 252.000
73.28333 268.000
73.29167 276.000
73.30000 280.000
73.30833 279.000
73.31667 275.000
73.32500 272.000
73.33333 272.000
73.34167 274.000
73.35000 276.000
73.35833 276.000
73.36667 275.000
73.37500 276.000
73.38333 278.000
73.39167 281.000
73.40000 282.000
73.40833 282.000
73.41667 282.000
73.42500 285.000
73.43333 292.000
73.44167 298.000
73.45000 298.000
73.45833 292.000
73.46667 288.000
73.47500 287.000
73.48333 286.000
73.49167 285.000
73.50000 287.000
73.50833 289.000
73.51667 291.000
73.52500 293.000
73.53333 294.000
73.54167 296.000
73.55000 297.000
73.55833 298.000
73.56667 299.000
73.57500 299.000
73.58333 300.000
73.59167 302.000
73.60000 304.000
73.60833 306.000
73.61667 308.000
73.62500 309.000
73.63333 311.000
73.64167 313.000
73.65000 314.000
73.65833 314.000
73.66667 315.000
73.67500 317.000
73.68333 320.000
73.69167 323.000
73.70000 325.000
73.70833 326.000
73.71667 326.000
73.72500 326.000
73.73333 326.000
73.74167 329.000
73.75000 332.000
73.75833 334.000
73.76667 336.000
73.77500 336.000
73.78333 335.000
73.79167 335.000
73.80000 333.000
73.80833 330.000
73.81667 327.000
73.82500 325.000
73.83333 323.000
73.84167 320.000
73.85000 318.000
73.85833 316.000
73.86667 315.000
73.87500 314.000
73.88333 314.000
73.89167 315.000
73.90000 316.000
73.90833 316.000
73.91667 315.000
73.92500 312.000
73.93333 311.000
73.94167 312.000
73.95000 317.000
73.95833 326.000
73.96667 335.000
73.97500 334.000
73.98333 330.000
73.99167 329.000
74.00000 327.000
74.00833 324.000
74.01667 322.000
74.02500 323.000
74.03333 327.000
74.04167 327.000
74.05000 316.000
74.05833 308.000
74.06667 310.000
74.07500 312.000
74.08333 310.000
74.09167 309.000
74.10000 308.000
74.10833 304.000
74.11667 299.000
74.12500 295.000
74.13333 293.000
74.14167 294.000
74.15000 298.000
74.15833 301.000
74.16667 303.000
74.17500 299.000
74.18333 294.000
74.19167 290.000
74.20000 290.000
74.20833 290.000
74.21667 291.000
74.22500 293.000
74.23333 297.000
74.24167 304.000
74.25000 314.000
74.25833 319.000
74.26667 311.000
74.27500 297.000
74.28333 279.000
74.29167 268.000
74.30000 276.000
74.30833 285.000
74.31667 285.000
74.32500 281.000
74.33333 272.000
74.34167 263.000
74.35000 263.000
74.35833 267.000
74.36667 267.000
74.37500 270.000
74.38333 275.000
74.39167 280.000
74.40000 283.000
74.40833 281.000
74.41667 276.000
74.42500 272.000
74.43333 272.000
74.44167 274.000
74.45000 276.000
74.45833 276.000
74.46667 275.000
74.47500 272.000
74.48333 269.000
74.49167 266.000
74.50000 264.000
74.50833 261.000
74.51667 257.000
74.52500 253.000
74.53333 252.000
74.54167 250.000
74.55000 249.000
74.55833 249.000
74.56667 250.000
74.57500 246.000
74.58333 242.000
74.59167 240.000
74.60000 240.000
74.60833 242.000
74.61667 243.000
74.62500 232.000
74.63333 222.000
74.64167 233.000
74.65000 242.000
74.65833 235.000
74.66667 229.000
74.67500 231.000
74.68333 237.000
74.69167 243.000
74.70000 248.000
74.70833 249.000
74.71667 243.000
74.72500 237.000
74.73333 235.000
74.74167 233.000
74.75000 231.000
74.75833 228.000
74.76667 224.000
74.77500 224.000
74.78333 228.000
74.79167 228.000
74.80000 219.000
74.80833 210.000
74.81667 208.000
74.82500 203.000
74.83333 196.000
74.84167 192.000
74.85000 189.000
74.85833 187.000
74.86667 186.000
74.87500 185.000
74.88333 185.000
74.89167 183.000
74.90000 180.000
74.90833 178.000
74.91667 177.000
74.92500 175.000
74.93333 171.000
74.94167 168.000
74.95000 166.000
74.95833 164.000
74.96667 161.000
74.97500 159.000
74.98333 155.000
74.99167 150.000
75.00000 147.000
75.00833 147.000
75.01667 147.000
75.02500 149.000
75.03333 151.000
75.04167 151.000
75.05000 153.000
75.05833 155.000
75.06667 157.000
75.07500 159.000
75.08333 159.000
75.09167 159.000
75.10000 160.000
75.10833 163.000
75.11667 165.000
75.12500 165.000
75.13333 166.000
75.14167 168.000
75.15000 169.000
75.15833 168.000
75.16667 168.000
75.17500 167.000
75.18333 167.000
75.19167 171.000
75.20000 175.000
75.20833 179.000
75.21667 183.000
75.22500 188.000
75.23333 192.000
75.24167 195.000
75.25000 197.000
75.25833 198.000
75.26667 198.000
75.27500 199.000
75.28333 200.000
75.29167 201.000
75.30000 202.000
75.30833 202.000
75.31667 203.000
75.32500 203.000
75.33333 202.000
75.34167 202.000
75.35000 203.000
75.35833 204.000
75.36667 206.000
75.37500 208.000
75.38333 211.000
75.39167 216.000
75.40000 213.000
75.40833 205.000
75.41667 202.000
75.42500 206.000
75.43333 211.000
75.44167 210.000
75.45000 207.000
75.45833 205.000
75.46667 203.000
75.47500 203.000
75.48333 204.000
75.49167 211.000
75.50000 224.000
75.50833 237.000
75.51667 242.000
75.52500 241.000
75.53333 238.000
75.54167 235.000
75.55000 234.000
75.55833 233.000
75.56667 232.000
75.57500 232.000
75.58333 231.000
75.59167 230.000
75.60000 229.000
75.60833 228.000
75.61667 228.000
75.62500 228.000
75.63333 228.000
75.64167 229.000
75.65000 231.000
75.65833 235.000
75.66667 240.000
75.67500 242.000
75.68333 240.000
75.69167 235.000
75.70000 232.000
75.70833 234.000
75.71667 237.000
75.72500 239.000
75.73333 238.000
75.74167 238.000
75.75000 239.000
75.75833 241.000
75.76667 242.000
75.77500 243.000
75.78333 243.000
75.79167 247.000
75.80000 252.000
75.80833 255.000
75.81667 251.000
75.82500 246.000
75.83333 242.000
75.84167 241.000
75.85000 242.000
75.85833 244.000
75.86667 246.000
75.87500 248.000
75.88333 249.000
75.89167 250.000
75.90000 254.000
75.90833 259.000
75.91667 263.000
75.92500 265.000
75.93333 268.000
75.94167 270.000
75.95000 270.000
75.95833 269.000
75.96667 271.000
75.97500 278.000
75.98333 291.000
75.99167 302.000
76.00000 308.000
76.00833 308.000
76.01667 306.000
76.02500 305.000
76.03333 304.000
76.04167 302.000
76.05000 302.000
76.05833 301.000
76.06667 296.000
76.07500 291.000
76.08333 290.000
76.09167 292.000
76.10000 296.000
76.10833 298.000
76.11667 302.000
76.12500 308.000
76.13333 315.000
76.14167 318.000
76.15000 315.000
76.15833 308.000
76.16667 300.000
76.17500 298.000
76.18333 302.000
76.19167 305.000
76.20000 308.000
76.20833 314.000
76.21667 318.000
76.22500 321.000
76.23333 320.000
76.24167 316.000
76.25000 311.000
76.25833 306.000
76.26667 301.000
76.27500 298.000
76.28333 299.000
76.29167 299.000
76.30000 297.000
76.30833 295.000
76.31667 292.000
76.32500 289.000
76.33333 284.000
76.34167 280.000
76.35000 278.000
76.35833 276.000
76.36667 273.000
76.37500 271.000
76.38333 268.000
76.39167 264.000
76.40000 260.000
76.40833 257.000
76.41667 257.000
76.42500 256.000
76.43333 251.000
76.44167 244.000
76.45000 238.000
76.45833 233.000
76.46667 229.000
76.47500 225.000
76.48333 218.000
76.49167 212.000
76.50000 207.000
76.50833 200.000
76.51667 193.000
76.52500 194.000
76.53333 195.000
76.54167 189.000
76.55000 179.000
76.55833 170.000
76.56667 166.000
76.57500 166.000
76.58333 164.000
76.59167 163.000
76.60000 167.000
76.60833 170.000
76.61667 168.000
76.62500 164.000
76.63333 155.000
76.64167 142.000
76.65000 139.000
76.65833 143.000
76.66667 144.000
76.67500 141.000
76.68333 137.000
76.69167 135.000
76.70000 133.000
76.70833 129.000
76.71667 126.000
76.72500 126.000
76.73333 123.000
76.74167 121.000
76.75000 120.000
76.75833 123.000
76.76667 126.000
76.77500 126.000
76.78333 124.000
76.79167 120.000
76.80000 117.000
76.80833 115.000
76.81667 116.000
76.82500 120.000
76.83333 123.000
76.84167 125.000
76.85000 127.000
76.85833 130.000
76.86667 132.000
76.87500 133.000
76.88333 134.000
76.89167 133.000
76.90000 134.000
76.90833 137.000
76.91667 141.000
76.92500 146.000
76.93333 149.000
76.94167 151.000
76.95000 152.000
76.95833 152.000
76.96667 153.000
76.97500 154.000
76.98333 154.000
76.99167 154.000
77.00000 155.000
77.00833 157.000
77.01667 157.000
77.02500 157.000
77.03333 157.000
77.04167 157.000
77.05000 157.000
77.05833 157.000
77.06667 157.000
77.07500 158.000
77.08333 159.000
77.09167 158.000
77.10000 155.000
77.10833 151.000
77.11667 147.000
77.12500 144.000
77.13333 142.000
77.14167 140.000
77.15000 141.000
77.15833 145.000
77.16667 147.000
77.17500 148.000
77.18333 148.000
77.19167 148.000
77.20000 148.000
77.20833 149.000
77.21667 149.000
77.22500 149.000
77.23333 148.000
77.24167 147.000
77.25000 146.000
77.25833 144.000
77.26667 144.000
77.27500 145.000
77.28333 146.000
77.29167 146.000
77.30000 146.000
77.30833 145.000
77.31667 144.000
77.32500 142.000
77.33333 141.000
77.34167 139.000
77.35000 137.000
77.35833 135.000
77.36667 135.000
77.37500 137.000
77.38333 139.000
77.39167 139.000
77.40000 141.000
77.40833 147.000
77.41667 152.000
77.42500 156.000
77.43333 159.000
77.44167 161.000
77.45000 163.000
77.45833 163.000
77.46667 160.000
77.47500 156.000
77.48333 153.000
77.49167 153.000
77.50000 156.000
77.50833 160.000
77.51667 162.000
77.52500 163.000
77.53333 165.000
77.54167 170.000
77.55000 172.000
77.55833 169.000
77.56667 168.000
77.57500 171.000
77.58333 175.000
77.59167 179.000
77.60000 181.000
77.60833 182.000
77.61667 183.000
77.62500 182.000
77.63333 178.000
77.64167 173.000
77.65000 167.000
77.65833 164.000
77.66667 166.000
77.67500 172.000
77.68333 181.000
77.69167 186.000
77.70000 183.000
77.70833 183.000
77.71667 187.000
77.72500 189.000
77.73333 187.000
77.74167 183.000
77.75000 180.000
77.75833 180.000
77.76667 182.000
77.77500 184.000
77.78333 188.000
77.79167 188.000
77.80000 185.000
77.80833 182.000
77.81667 183.000
77.82500 187.000
77.83333 190.000
77.84167 190.000
77.85000 186.000
77.85833 183.000
77.86667 182.000
77.87500 182.000
77.88333 183.000
77.89167 184.000
77.90000 185.000
77.90833 186.000
77.91667 187.000
77.92500 188.000
77.93333 188.000
77.94167 189.000
77.95000 190.000
77.95833 192.000
77.96667 194.000
77.97500 196.000
77.98333 198.000
77.99167 200.000
78.00000 202.000
78.00833 202.000
78.01667 199.000
78.02500 194.000
78.03333 187.000
78.04167 181.000
78.05000 175.000
78.05833 170.000
78.06667 167.000
78.07500 166.000
78.08333 168.000
78.09167 172.000
78.10000 175.000
78.10833 174.000
78.11667 171.000
78.12500 166.000
78.13333 161.000
78.14167 155.000
78.15000 149.000
78.15833 143.000
78.16667 139.000
78.17500 136.000
78.18333 135.000
78.19167 136.000
78.20000 138.000
78.20833 140.000
78.21667 142.000
78.22500 144.000
78.23333 145.000
78.24167 147.000
78.25000 148.000
78.25833 149.000
78.26667 150.000
78.27500 150.000
78.28333 151.000
78.29167 151.000
78.30000 152.000
78.30833 152.000
78.31667 152.000
78.32500 153.000
78.33333 154.000
78.34167 155.000
78.35000 158.000
78.35833 161.000
78.36667 165.000
78.37500 169.000
78.38333 174.000
78.39167 178.000
78.40000 179.000
78.40833 179.000
78.41667 179.000
78.42500 180.000
78.43333 183.000
78.44167 187.000
78.45000 193.000
78.45833 202.000
78.46667 211.000
78.47500 217.000
78.48333 218.000
78.49167 215.000
78.50000 212.000
78.50833 212.000
78.51667 214.000
78.52500 219.000
78.53333 224.000
78.54167 229.000
78.55000 233.000
78.55833 238.000
78.56667 242.000
78.57500 247.000
78.58333 255.000
78.59167 264.000
78.60000 274.000
78.60833 282.000
78.61667 287.000
78.62500 288.000
78.63333 288.000
78.64167 288.000
78.65000 288.000
78.65833 288.000
78.66667 288.000
78.67500 288.000
78.68333 290.000
78.69167 292.000
78.70000 292.000
78.70833 290.000
78.71667 289.000
78.72500 287.000
78.73333 285.000
78.74167 284.000
78.75000 283.000
78.75833 282.000
78.76667 281.000
78.77500 282.000
78.78333 283.000
78.79167 284.000
78.80000 285.000
78.80833 287.000
78.81667 290.000
78.82500 293.000
78.83333 296.000
78.84167 299.000
78.85000 302.000
78.85833 305.000
78.86667 306.000
78.87500 307.000
78.88333 306.000
78.89167 305.000
78.90000 303.000
78.90833 298.000
78.91667 292.000
78.92500 284.000
78.93333 278.000
78.94167 276.000
78.95000 278.000
78.95833 279.000
78.96667 274.000
78.97500 267.000
78.98333 260.000
78.99167 253.000
79.00000 249.000
79.00833 248.000
79.01667 249.000
79.02500 245.000
79.03333 238.000
79.04167 238.000
79.05000 241.000
79.05833 242.000
79.06667 241.000
79.07500 238.000
79.08333 232.000
79.09167 225.000
79.10000 216.000
79.10833 207.000
79.11667 200.000
79.12500 194.000
79.13333 190.000
79.14167 187.000
79.15000 183.000
79.15833 179.000
79.16667 177.000
79.17500 177.000
79.18333 177.000
79.19167 179.000
79.20000 182.000
79.20833 186.000
79.21667 190.000
79.22500 193.000
79.23333 196.000
79.24167 199.000
79.25000 204.000
79.25833 210.000
79.26667 216.000
79.27500 222.000
79.28333 228.000
79.29167 233.000
79.30000 238.000
79.30833 241.000
79.31667 242.000
79.32500 244.000
79.33333 249.000
79.34167 255.000
79.35000 262.000
79.35833 271.000
79.36667 277.000
79.37500 280.000
79.38333 280.000
79.39167 281.000
79.40000 281.000
79.40833 282.000
79.41667 283.000
79.42500 285.000
79.43333 286.000
79.44167 287.000
79.45000 289.000
79.45833 291.000
79.46667 292.000
79.47500 294.000
79.48333 296.000
79.49167 298.000
79.50000 300.000
79.50833 303.000
79.51667 305.000
79.52500 308.000
79.53333 310.000
79.54167 313.000
79.55000 315.000
79.55833 318.000
79.56667 320.000
79.57500 323.000
79.58333 325.000
79.59167 327.000
79.60000 329.000
79.60833 332.000
79.61667 334.000
79.62500 336.000
79.63333 340.000
79.64167 345.000
79.65000 352.000
79.65833 359.000
79.66667 360.000
79.67500 352.000
79.68333 346.000
79.69167 344.000
79.70000 351.000
79.70833 363.000
79.71667 370.000
79.72500 362.000
79.73333 344.000
79.74167 325.000
79.75000 306.000
79.75833 286.000
79.76667 268.000
79.77500 253.000
79.78333 243.000
79.79167 236.000
79.80000 230.000
79.80833 223.000
79.81667 215.000
79.82500 208.000
79.83333 201.000
79.84167 196.000
79.85000 193.000
79.85833 192.000
79.86667 192.000
79.87500 192.000
79.88333 192.000
79.89167 193.000
79.90000 194.000
79.90833 195.000
79.91667 196.000
79.92500 196.000
79.93333 194.000
79.94167 190.000
79.95000 185.000
79.95833 179.000
79.96667 170.000
79.97500 162.000
79.98333 153.000
79.99167 145.000
79.99167 0.000
69.50000 0.000