2 0.0 34.73
3 0.0 34.73
4 0.0 34.73
5 0.0 34.73
6 0.0 34.73
7 0.0 34.73
8 0.0 34.73
9 0.0 34.73
10 0.0 34.73
11 0.0 34.73
12 0.0 34.75
13 0.0 34.8
14 0.0 34.84
15 0.0 34.8
16 0.0 34.77
17 0.0 34.82
18 0.0 34.9
19 0.0 34.86
20 0.0 34.85
21 0.0 34.86
22 0.0 34.85
23 0.0 34.88
24 0.0 34.86
25 0.0 34.86
26 0.0 34.86
27 0.0 34.85
28 0.0 34.85
29 0.0 34.84
30 0.0 34.82
31 0.0 34.85
32 0.0 34.86
33 0.0 34.86
34 0.0 34.87
35 0.0 34.86
36 0.0 34.85
37 0.0 34.87
38 0.0 34.88
39 0.0 34.88
40 0.0 34.88
41 0.0 34.86
42 0.0 34.85
43 0.0 34.86
44 0.0 34.86
45 0.0 34.87
46 0.0 34.88
47 0.0 34.88
48 0.0 34.88
49 0.0 34.88
50 0.0 34.87
51 0.0 34.86
52 0.0 34.87
53 0.0 34.86
54 0.0 34.86
55 0.0 34.86
56 0.0 34.88
57 0.0 34.87
58 0.0 34.86
59 0.0 34.85
60 0.0 34.85
61 0.0 34.85
62 0.0 34.82
63 0.0 34.77
64 0.0 34.8
65 0.0 34.81
66 0.0 34.83
67 0.0 34.83
68 0.0 34.84
69 0.0 34.87
70 0.0 34.85
71 0.0 34.84
72 0.0 34.84
73 0.0 34.83
74 0.0 34.84
75 0.0 34.86
76 0.0 34.87
77 0.0 34.89
78 0.0 34.86
79 0.0 34.85
80 0.0 34.88
81 0.0 34.9
82 0.0 34.87
83 0.0 34.87
84 0.0 34.87
85 0.0 34.87
86 0.0 34.91
87 0.0 34.91
88 0.0 34.9
89 0.0 34.87
90 0.0 34.9
91 0.0 34.9
92 0.0 34.89
93 0.0 34.91
94 0.0 34.92
95 0.0 34.92
96 0.0 34.9
97 0.0 34.9
98 0.0 34.91
99 0.0 34.91
100 0.0 34.91
101 0.0 34.91
102 0.0 34.91
103 0.0 34.9
104 0.0 34.87
105 0.0 34.84
106 0.0 34.84
107 0.0 34.84
108 0.0 34.84
109 0.0 34.77
110 0.0 34.79
111 0.0 34.83
112 0.0 34.84
113 0.0 34.83
114 0.0 34.84
115 0.0 34.84
116 0.0 34.84
117 0.0 34.84
118 0.0 34.83
119 0.0 34.83
120 0.0 34.83
121 0.0 34.84
122 0.0 34.85
123 0.0 34.87
124 0.0 34.89
125 0.0 34.89
126 0.0 34.92
127 0.0 34.95
128 0.0 34.92
129 0.0 34.86
130 0.0 34.86
131 0.0 34.87
132 0.0 34.88
133 0.0 34.88
134 0.0 34.89
135 0.0 34.89
136 0.0 34.89
137 0.0 34.89
138 0.0 34.89
139 0.0 34.95
140 0.0 34.96
141 0.0 34.94
142 0.0 34.94
143 0.0 34.92
144 0.0 34.92
145 0.0 34.92
146 0.0 34.92
147 0.0 34.92
148 0.0 34.92
149 0.0 34.92
150 0.0 34.92
151 0.0 34.92
152 0.0 34.91
153 0.0 34.91
154 0.0 34.9
155 0.0 34.91
156 0.0 34.9
157 0.0 34.9
158 0.0 34.9
159 0.0 34.89
160 0.0 34.89
161 0.0 34.89
162 0.0 34.89
163 0.0 34.87
164 0.0 34.86
165 0.0 34.88
166 0.0 34.89
167 0.0 34.89
168 0.0 34.91
169 0.0 34.91
170 0.0 34.9
171 0.0 34.9
172 0.0 34.9
173 0.0 34.9
174 0.0 34.9
175 0.0 34.9
176 0.0 34.9
177 0.0 34.9
178 0.0 34.9
179 0.0 34.88
180 0.0 34.88
181 0.0 34.89
182 0.0 34.89
183 0.0 34.87
184 0.0 34.88
185 0.0 34.89
186 0.0 34.89
187 0.0 34.88
188 0.0 34.88
189 0.0 34.89
190 0.0 34.89
191 0.0 34.88
192 0.0 34.89
193 0.0 34.89
194 0.0 34.88
195 0.0 34.89
196 0.0 34.89
197 0.0 34.89
198 0.0 34.89
199 0.0 34.89
200 0.0 34.9
201 0.0 34.9
202 0.0 34.9
203 0.0 34.9
204 0.0 34.9
205 0.0 34.9
206 0.0 34.9
207 0.0 34.9
208 0.0 34.91
209 0.0 34.9
210 0.0 34.9
211 0.0 34.91
212 0.0 34.91
213 0.0 34.92
214 0.0 34.91
215 0.0 34.91
216 0.0 34.91
217 0.0 34.91
218 0.0 34.91
219 0.0 34.91
220 0.0 34.91
221 0.0 34.92
222 0.0 34.92
223 0.0 34.92
224 0.0 34.92
225 0.0 34.92
226 0.0 34.92
227 0.0 34.92
228 0.0 34.92
229 0.0 34.92
230 0.0 34.92
231 0.0 34.92
232 0.0 34.92
233 0.0 34.92
234 0.0 34.92
235 0.0 34.91
236 0.0 34.92
237 0.0 34.93
238 0.0 34.93
239 0.0 34.92
240 0.0 34.92
241 0.0 34.91
242 0.0 34.92
243 0.0 34.92
244 0.0 34.92
245 0.0 34.92
246 0.0 34.92
247 0.0 34.92
248 0.0 34.92
249 0.0 34.92
250 0.0 34.92
251 0.0 34.92
252 0.0 34.92
253 0.0 34.92
254 0.0 34.92
255 0.0 34.92
2 3.65 34.57
3 3.65 34.57
4 3.65 34.57
5 3.65 34.57
6 3.65 34.57
7 3.65 34.57
8 3.65 34.57
9 3.65 34.58
10 3.65 34.57
11 3.65 34.6
12 3.65 34.7
13 3.65 34.69
14 3.65 34.63
15 3.65 34.6
16 3.65 34.63
17 3.65 34.77
18 3.65 34.81
19 3.65 34.71
20 3.65 34.71
21 3.65 34.74
22 3.65 34.76
23 3.65 34.77
24 3.65 34.77
25 3.65 34.77
26 3.65 34.77
27 3.65 34.78
28 3.65 34.82
29 3.65 34.81
30 3.65 34.82
31 3.65 34.83
32 3.65 34.84
33 3.65 34.92
34 3.65 34.9
35 3.65 34.9
36 3.65 34.92
37 3.65 34.99
38 3.65 34.98
39 3.65 34.94
40 3.65 34.93
41 3.65 34.94
42 3.65 34.96
43 3.65 34.95
44 3.65 34.95
45 3.65 34.95
46 3.65 34.95
47 3.65 34.95
48 3.65 34.96
49 3.65 34.97
50 3.65 34.95
51 3.65 34.95
52 3.65 34.95
53 3.65 34.95
54 3.65 34.94
55 3.65 34.94
56 3.65 34.94
57 3.65 34.92
58 3.65 34.93
59 3.65 34.91
60 3.65 34.9
61 3.65 34.91
62 3.65 34.93
63 3.65 34.92
64 3.65 34.9
65 3.65 34.9
66 3.65 34.88
67 3.65 34.86
68 3.65 34.89
69 3.65 34.9
70 3.65 34.9
71 3.65 34.89
72 3.65 34.9
73 3.65 34.9
74 3.65 34.9
75 3.65 34.88
76 3.65 34.89
77 3.65 34.89
78 3.65 34.89
79 3.65 34.89
80 3.65 34.89
81 3.65 34.88
82 3.65 34.88
83 3.65 34.89
84 3.65 34.89
85 3.65 34.89
86 3.65 34.9
87 3.65 34.89
88 3.65 34.89
89 3.65 34.9
90 3.65 34.9
91 3.65 34.9
92 3.65 34.9
93 3.65 34.9
94 3.65 34.9
95 3.65 34.9
96 3.65 34.9
97 3.65 34.9
98 3.65 34.9
99 3.65 34.9
100 3.65 34.9
101 3.65 34.9
102 3.65 34.9
103 3.65 34.9
104 3.65 34.9
105 3.65 34.9
106 3.65 34.9
107 3.65 34.9
108 3.65 34.9
109 3.65 34.9
110 3.65 34.91
111 3.65 34.9
112 3.65 34.9
113 3.65 34.89
114 3.65 34.89
115 3.65 34.9
116 3.65 34.91
117 3.65 34.91
118 3.65 34.9
119 3.65 34.89
120 3.65 34.87
121 3.65 34.88
122 3.65 34.89
123 3.65 34.88
124 3.65 34.86
125 3.65 34.86
126 3.65 34.86
127 3.65 34.88
128 3.65 34.88
129 3.65 34.89
130 3.65 34.9
131 3.65 34.9
132 3.65 34.9
133 3.65 34.9
134 3.65 34.89
135 3.65 34.9
136 3.65 34.9
137 3.65 34.89
138 3.65 34.87
139 3.65 34.89
140 3.65 34.89
141 3.65 34.89
142 3.65 34.89
143 3.65 34.9
144 3.65 34.89
145 3.65 34.89
146 3.65 34.9
147 3.65 34.9
148 3.65 34.9
149 3.65 34.9
150 3.65 34.9
151 3.65 34.9
152 3.65 34.9
153 3.65 34.9
154 3.65 34.9
155 3.65 34.91
156 3.65 34.91
157 3.65 34.91
158 3.65 34.9
159 3.65 34.88
160 3.65 34.89
161 3.65 34.89
162 3.65 34.87
163 3.65 34.88
164 3.65 34.89
165 3.65 34.89
166 3.65 34.89
167 3.65 34.89
168 3.65 34.89
169 3.65 34.9
170 3.65 34.9
171 3.65 34.91
172 3.65 34.9
173 3.65 34.9
174 3.65 34.9
175 3.65 34.91
176 3.65 34.9
177 3.65 34.9
178 3.65 34.9
179 3.65 34.9
180 3.65 34.89
181 3.65 34.9
182 3.65 34.9
183 3.65 34.9
184 3.65 34.9
185 3.65 34.9
186 3.65 34.9
187 3.65 34.9
188 3.65 34.9
189 3.65 34.9
190 3.65 34.9
191 3.65 34.9
192 3.65 34.9
193 3.65 34.91
194 3.65 34.9
195 3.65 34.91
196 3.65 34.9
197 3.65 34.9
198 3.65 34.9
199 3.65 34.9
200 3.65 34.91
201 3.65 34.91
202 3.65 34.91
203 3.65 34.91
204 3.65 34.9
205 3.65 34.9
206 3.65 34.9
207 3.65 34.91
208 3.65 34.91
209 3.65 34.91
210 3.65 34.91
211 3.65 34.91
212 3.65 34.91
213 3.65 34.91
214 3.65 34.91
215 3.65 34.91
216 3.65 34.91
217 3.65 34.91
218 3.65 34.91
219 3.65 34.91
220 3.65 34.91
221 3.65 34.91
222 3.65 34.91
223 3.65 34.91
224 3.65 34.9
225 3.65 34.91
226 3.65 34.91
227 3.65 34.91
228 3.65 34.91
229 3.65 34.91
230 3.65 34.91
231 3.65 34.91
232 3.65 34.91
233 3.65 34.91
234 3.65 34.91
235 3.65 34.91
236 3.65 34.91
237 3.65 34.91
238 3.65 34.91
239 3.65 34.91
240 3.65 34.91
241 3.65 34.91
242 3.65 34.91
243 3.65 34.91
244 3.65 34.91
245 3.65 34.91
246 3.65 34.91
247 3.65 34.91
248 3.65 34.91
249 3.65 34.91
250 3.65 34.91
251 3.65 34.91
252 3.65 34.91
253 3.65 34.91
254 3.65 34.91
255 3.65 34.91
256 3.65 34.91
257 3.65 34.91
258 3.65 34.91
259 3.65 34.91
260 3.65 34.91
261 3.65 34.91
262 3.65 34.91
263 3.65 34.91
264 3.65 34.91
265 3.65 34.91
266 3.65 34.91
267 3.65 34.91
268 3.65 34.91
269 3.65 34.91
270 3.65 34.91
271 3.65 34.91
272 3.65 34.91
273 3.65 34.91
274 3.65 34.91
275 3.65 34.91
276 3.65 34.91
277 3.65 34.91
278 3.65 34.91
279 3.65 34.91
280 3.65 34.91
281 3.65 34.91
282 3.65 34.91
283 3.65 34.91
284 3.65 34.91
285 3.65 34.91
286 3.65 34.91
287 3.65 34.91
2 7.74 34.44
3 7.74 34.44
4 7.74 34.44
5 7.74 34.44
6 7.74 34.44
7 7.74 34.45
8 7.74 34.45
9 7.74 34.43
10 7.74 34.47
11 7.74 34.51
12 7.74 34.5
13 7.74 34.51
14 7.74 34.5
15 7.74 34.5
16 7.74 34.5
17 7.74 34.5
18 7.74 34.5
19 7.74 34.5
20 7.74 34.5
21 7.74 34.5
22 7.74 34.5
23 7.74 34.5
24 7.74 34.51
25 7.74 34.51
26 7.74 34.51
27 7.74 34.51
28 7.74 34.5
29 7.74 34.5
30 7.74 34.5
31 7.74 34.51
32 7.74 34.51
33 7.74 34.51
34 7.74 34.51
35 7.74 34.51
36 7.74 34.52
37 7.74 34.51
38 7.74 34.53
39 7.74 34.55
40 7.74 34.55
41 7.74 34.54
42 7.74 34.54
43 7.74 34.54
44 7.74 34.54
45 7.74 34.54
46 7.74 34.54
47 7.74 34.56
48 7.74 34.57
49 7.74 34.55
50 7.74 34.55
51 7.74 34.55
52 7.74 34.55
53 7.74 34.55
54 7.74 34.55
55 7.74 34.55
56 7.74 34.55
57 7.74 34.55
58 7.74 34.55
59 7.74 34.56
60 7.74 34.56
61 7.74 34.55
62 7.74 34.56
63 7.74 34.58
64 7.74 34.58
65 7.74 34.57
66 7.74 34.57
67 7.74 34.58
68 7.74 34.59
69 7.74 34.61
70 7.74 34.6
71 7.74 34.62
72 7.74 34.71
73 7.74 34.71
74 7.74 34.68
75 7.74 34.73
76 7.74 34.75
77 7.74 34.69
78 7.74 34.75
79 7.74 34.74
80 7.74 34.74
81 7.74 34.75
82 7.74 34.78
83 7.74 34.76
84 7.74 34.75
85 7.74 34.8
86 7.74 34.76
87 7.74 34.75
88 7.74 34.77
89 7.74 34.75
90 7.74 34.77
91 7.74 34.8
92 7.74 34.86
93 7.74 34.82
94 7.74 34.8
95 7.74 34.8
96 7.74 34.8
97 7.74 34.8
98 7.74 34.8
99 7.74 34.81
100 7.74 34.81
101 7.74 34.81
102 7.74 34.83
103 7.74 34.86
104 7.74 34.86
105 7.74 34.86
106 7.74 34.85
107 7.74 34.84
108 7.74 34.85
109 7.74 34.85
110 7.74 34.85
111 7.74 34.85
112 7.74 34.85
113 7.74 34.85
114 7.74 34.84
115 7.74 34.84
116 7.74 34.84
117 7.74 34.85
118 7.74 34.85
119 7.74 34.86
120 7.74 34.87
121 7.74 34.87
122 7.74 34.87
123 7.74 34.88
124 7.74 34.88
125 7.74 34.89
126 7.74 34.89
127 7.74 34.88
128 7.74 34.88
129 7.74 34.88
130 7.74 34.88
131 7.74 34.88
132 7.74 34.88
133 7.74 34.88
134 7.74 34.88
135 7.74 34.89
136 7.74 34.89
137 7.74 34.89
138 7.74 34.89
139 7.74 34.89
140 7.74 34.89
141 7.74 34.89
142 7.74 34.89
143 7.74 34.89
144 7.74 34.87
145 7.74 34.87
146 7.74 34.85
147 7.74 34.85
148 7.74 34.82
149 7.74 34.84
150 7.74 34.83
151 7.74 34.83
152 7.74 34.85
153 7.74 34.85
154 7.74 34.84
155 7.74 34.85
156 7.74 34.85
157 7.74 34.85
158 7.74 34.86
159 7.74 34.87
160 7.74 34.87
161 7.74 34.86
162 7.74 34.86
163 7.74 34.86
164 7.74 34.86
165 7.74 34.86
166 7.74 34.86
167 7.74 34.86
168 7.74 34.87
169 7.74 34.87
170 7.74 34.87
171 7.74 34.86
172 7.74 34.86
173 7.74 34.87
174 7.74 34.86
175 7.74 34.86
176 7.74 34.88
177 7.74 34.9
178 7.74 34.9
179 7.74 34.89
180 7.74 34.9
181 7.74 34.9
182 7.74 34.89
183 7.74 34.89
184 7.74 34.89
185 7.74 34.89
186 7.74 34.89
187 7.74 34.89
188 7.74 34.89
189 7.74 34.88
190 7.74 34.89
191 7.74 34.89
192 7.74 34.89
193 7.74 34.89
194 7.74 34.89
195 7.74 34.89
196 7.74 34.88
197 7.74 34.88
198 7.74 34.88
199 7.74 34.88
200 7.74 34.89
201 7.74 34.89
202 7.74 34.88
203 7.74 34.89
204 7.74 34.9
205 7.74 34.89
206 7.74 34.89
207 7.74 34.89
208 7.74 34.89
209 7.74 34.89
210 7.74 34.89
211 7.74 34.89
212 7.74 34.89
213 7.74 34.89
214 7.74 34.89
215 7.74 34.89
216 7.74 34.89
217 7.74 34.89
218 7.74 34.89
219 7.74 34.89
220 7.74 34.89
221 7.74 34.89
222 7.74 34.89
223 7.74 34.89
224 7.74 34.89
225 7.74 34.89
226 7.74 34.89
227 7.74 34.89
228 7.74 34.89
229 7.74 34.89
230 7.74 34.88
231 7.74 34.89
232 7.74 34.89
233 7.74 34.89
234 7.74 34.89
235 7.74 34.89
236 7.74 34.89
237 7.74 34.9
238 7.74 34.9
239 7.74 34.89
240 7.74 34.89
241 7.74 34.89
242 7.74 34.89
243 7.74 34.89
244 7.74 34.89
245 7.74 34.89
246 7.74 34.89
247 7.74 34.89
248 7.74 34.89
249 7.74 34.89
250 7.74 34.89
251 7.74 34.89
252 7.74 34.89
253 7.74 34.89
254 7.74 34.89
255 7.74 34.89
256 7.74 34.89
257 7.74 34.89
258 7.74 34.89
259 7.74 34.89
260 7.74 34.89
261 7.74 34.89
262 7.74 34.89
263 7.74 34.89
264 7.74 34.89
265 7.74 34.89
266 7.74 34.89
267 7.74 34.89
268 7.74 34.89
269 7.74 34.89
270 7.74 34.89
271 7.74 34.89
272 7.74 34.89
273 7.74 34.89
274 7.74 34.89
275 7.74 34.89
276 7.74 34.89
277 7.74 34.89
278 7.74 34.89
279 7.74 34.89
280 7.74 34.89
281 7.74 34.89
282 7.74 34.89
283 7.74 34.89
284 7.74 34.89
285 7.74 34.89
286 7.74 34.89
287 7.74 34.89
288 7.74 34.89
289 7.74 34.89
290 7.74 34.89
291 7.74 34.89
292 7.74 34.89
293 7.74 34.89
294 7.74 34.89
295 7.74 34.89
296 7.74 34.89
297 7.74 34.89
298 7.74 34.89
299 7.74 34.89
300 7.74 34.89
301 7.74 34.89
302 7.74 34.89
303 7.74 34.89
304 7.74 34.89
305 7.74 34.89
306 7.74 34.89
307 7.74 34.89
308 7.74 34.89
309 7.74 34.89
310 7.74 34.89
311 7.74 34.89
312 7.74 34.9
313 7.74 34.89
314 7.74 34.89
315 7.74 34.89
316 7.74 34.89
317 7.74 34.89
318 7.74 34.89
319 7.74 34.89
320 7.74 34.89
321 7.74 34.89
322 7.74 34.89
323 7.74 34.89
324 7.74 34.89
325 7.74 34.89
326 7.74 34.89
327 7.74 34.89
328 7.74 34.89
329 7.74 34.89
330 7.74 34.89
331 7.74 34.89
332 7.74 34.89
333 7.74 34.9
334 7.74 34.89
335 7.74 34.89
2 10.6 34.48
3 10.6 34.48
4 10.6 34.48
5 10.6 34.48
6 10.6 34.48
7 10.6 34.47
8 10.6 34.48
9 10.6 34.48
10 10.6 34.48
11 10.6 34.48
12 10.6 34.48
13 10.6 34.48
14 10.6 34.48
15 10.6 34.48
16 10.6 34.47
17 10.6 34.48
18 10.6 34.48
19 10.6 34.48
20 10.6 34.48
21 10.6 34.48
22 10.6 34.48
23 10.6 34.48
24 10.6 34.48
25 10.6 34.48
26 10.6 34.48
27 10.6 34.48
28 10.6 34.48
29 10.6 34.48
30 10.6 34.48
31 10.6 34.48
32 10.6 34.48
33 10.6 34.48
34 10.6 34.48
35 10.6 34.48
36 10.6 34.48
37 10.6 34.48
38 10.6 34.48
39 10.6 34.48
40 10.6 34.48
41 10.6 34.48
42 10.6 34.48
43 10.6 34.49
44 10.6 34.49
45 10.6 34.48
46 10.6 34.47
47 10.6 34.49
48 10.6 34.48
49 10.6 34.49
50 10.6 34.55
51 10.6 34.5
52 10.6 34.51
53 10.6 34.47
54 10.6 34.48
55 10.6 34.5
56 10.6 34.52
57 10.6 34.52
58 10.6 34.52
59 10.6 34.51
60 10.6 34.53
61 10.6 34.53
62 10.6 34.51
63 10.6 34.52
64 10.6 34.52
65 10.6 34.51
66 10.6 34.52
67 10.6 34.51
68 10.6 34.52
69 10.6 34.52
70 10.6 34.52
71 10.6 34.52
72 10.6 34.52
73 10.6 34.53
74 10.6 34.52
75 10.6 34.51
76 10.6 34.51
77 10.6 34.53
78 10.6 34.53
79 10.6 34.52
80 10.6 34.53
81 10.6 34.53
82 10.6 34.53
83 10.6 34.53
84 10.6 34.53
85 10.6 34.53
86 10.6 34.54
87 10.6 34.56
88 10.6 34.56
89 10.6 34.56
90 10.6 34.55
91 10.6 34.55
92 10.6 34.54
93 10.6 34.49
94 10.6 34.54
95 10.6 34.58
96 10.6 34.52
97 10.6 34.5
98 10.6 34.55
99 10.6 34.57
100 10.6 34.56
101 10.6 34.56
102 10.6 34.54
103 10.6 34.56
104 10.6 34.56
105 10.6 34.57
106 10.6 34.57
107 10.6 34.57
108 10.6 34.57
109 10.6 34.57
110 10.6 34.57
111 10.6 34.58
112 10.6 34.58
113 10.6 34.57
114 10.6 34.57
115 10.6 34.58
116 10.6 34.57
117 10.6 34.57
118 10.6 34.57
119 10.6 34.57
120 10.6 34.57
121 10.6 34.57
122 10.6 34.57
123 10.6 34.58
124 10.6 34.58
125 10.6 34.57
126 10.6 34.58
127 10.6 34.58
128 10.6 34.58
129 10.6 34.58
130 10.6 34.59
131 10.6 34.58
132 10.6 34.58
133 10.6 34.58
134 10.6 34.58
135 10.6 34.58
136 10.6 34.59
137 10.6 34.59
138 10.6 34.59
139 10.6 34.6
140 10.6 34.6
141 10.6 34.6
142 10.6 34.6
143 10.6 34.61
144 10.6 34.61
145 10.6 34.63
146 10.6 34.64
147 10.6 34.63
148 10.6 34.62
149 10.6 34.62
150 10.6 34.62
151 10.6 34.62
152 10.6 34.63
153 10.6 34.64
154 10.6 34.62
155 10.6 34.63
156 10.6 34.63
157 10.6 34.62
158 10.6 34.63
159 10.6 34.63
160 10.6 34.63
161 10.6 34.63
162 10.6 34.63
163 10.6 34.64
164 10.6 34.63
165 10.6 34.64
166 10.6 34.63
167 10.6 34.68
168 10.6 34.73
169 10.6 34.69
170 10.6 34.7
171 10.6 34.67
172 10.6 34.65
173 10.6 34.65
174 10.6 34.68
175 10.6 34.66
176 10.6 34.69
177 10.6 34.68
178 10.6 34.69
179 10.6 34.7
180 10.6 34.69
181 10.6 34.68
182 10.6 34.69
183 10.6 34.7
184 10.6 34.71
185 10.6 34.79
186 10.6 34.75
187 10.6 34.71
188 10.6 34.72
189 10.6 34.72
190 10.6 34.72
191 10.6 34.72
192 10.6 34.71
193 10.6 34.72
194 10.6 34.73
195 10.6 34.76
196 10.6 34.82
197 10.6 34.85
198 10.6 34.79
199 10.6 34.78
200 10.6 34.79
201 10.6 34.8
202 10.6 34.8
203 10.6 34.84
204 10.6 34.84
205 10.6 34.82
206 10.6 34.82
207 10.6 34.83
208 10.6 34.84
209 10.6 34.83
210 10.6 34.83
211 10.6 34.83
212 10.6 34.83
213 10.6 34.84
214 10.6 34.85
215 10.6 34.86
216 10.6 34.85
217 10.6 34.86
218 10.6 34.88
219 10.6 34.88
220 10.6 34.86
221 10.6 34.86
222 10.6 34.89
223 10.6 34.89
224 10.6 34.94
225 10.6 34.99
226 10.6 34.93
227 10.6 34.93
228 10.6 34.94
229 10.6 34.93
230 10.6 34.93
231 10.6 34.93
232 10.6 34.92
233 10.6 34.93
234 10.6 34.92
235 10.6 34.93
236 10.6 34.94
237 10.6 34.93
238 10.6 34.93
239 10.6 34.93
240 10.6 34.93
241 10.6 34.92
242 10.6 34.92
243 10.6 34.9
244 10.6 34.91
245 10.6 34.91
246 10.6 34.91
247 10.6 34.9
248 10.6 34.9
249 10.6 34.91
250 10.6 34.91
251 10.6 34.91
252 10.6 34.9
253 10.6 34.87
254 10.6 34.87
255 10.6 34.89
256 10.6 34.89
257 10.6 34.89
258 10.6 34.9
259 10.6 34.89
260 10.6 34.89
261 10.6 34.88
262 10.6 34.89
263 10.6 34.89
264 10.6 34.89
265 10.6 34.89
266 10.6 34.88
267 10.6 34.88
268 10.6 34.88
269 10.6 34.88
270 10.6 34.88
271 10.6 34.88
272 10.6 34.87
273 10.6 34.87
274 10.6 34.87
275 10.6 34.88
276 10.6 34.87
277 10.6 34.87
278 10.6 34.87
279 10.6 34.88
280 10.6 34.88
281 10.6 34.88
282 10.6 34.88
283 10.6 34.88
284 10.6 34.88
285 10.6 34.88
286 10.6 34.88
287 10.6 34.88
288 10.6 34.88
289 10.6 34.87
290 10.6 34.88
291 10.6 34.88
292 10.6 34.87
293 10.6 34.87
294 10.6 34.87
295 10.6 34.87
296 10.6 34.88
297 10.6 34.87
298 10.6 34.87
299 10.6 34.87
300 10.6 34.87
301 10.6 34.87
302 10.6 34.87
303 10.6 34.87
304 10.6 34.86
305 10.6 34.86
306 10.6 34.87
307 10.6 34.87
308 10.6 34.87
309 10.6 34.86
310 10.6 34.86
311 10.6 34.86
312 10.6 34.87
313 10.6 34.87
314 10.6 34.86
315 10.6 34.86
316 10.6 34.86
317 10.6 34.86
318 10.6 34.86
319 10.6 34.86
320 10.6 34.86
321 10.6 34.86
322 10.6 34.86
323 10.6 34.87
324 10.6 34.87
325 10.6 34.87
326 10.6 34.87
327 10.6 34.87
328 10.6 34.87
329 10.6 34.87
330 10.6 34.87
331 10.6 34.87
332 10.6 34.87
333 10.6 34.87
334 10.6 34.87
335 10.6 34.86
336 10.6 34.86
337 10.6 34.86
338 10.6 34.87
339 10.6 34.86
340 10.6 34.86
341 10.6 34.86
342 10.6 34.86
343 10.6 34.86
344 10.6 34.86
345 10.6 34.86
346 10.6 34.86
347 10.6 34.86
348 10.6 34.86
349 10.6 34.87
350 10.6 34.87
351 10.6 34.86
352 10.6 34.86
353 10.6 34.86
354 10.6 34.86
355 10.6 34.86
356 10.6 34.86
357 10.6 34.86
358 10.6 34.86
359 10.6 34.86
360 10.6 34.86
361 10.6 34.86
362 10.6 34.86
363 10.6 34.86
364 10.6 34.86
365 10.6 34.86
366 10.6 34.86
367 10.6 34.86
368 10.6 34.86
369 10.6 34.86
370 10.6 34.86
371 10.6 34.86
372 10.6 34.86
373 10.6 34.86
374 10.6 34.86
375 10.6 34.87
376 10.6 34.89
377 10.6 34.89
378 10.6 34.89
379 10.6 34.88
380 10.6 34.88
381 10.6 34.88
382 10.6 34.89
383 10.6 34.9
384 10.6 34.9
385 10.6 34.9
386 10.6 34.9
387 10.6 34.9
388 10.6 34.89
389 10.6 34.89
390 10.6 34.89
391 10.6 34.93
392 10.6 34.94
393 10.6 34.91
394 10.6 34.9
395 10.6 34.91
396 10.6 34.9
397 10.6 34.9
398 10.6 34.91
399 10.6 34.91
400 10.6 34.91
401 10.6 34.9
402 10.6 34.9
403 10.6 34.89
404 10.6 34.88
405 10.6 34.89
406 10.6 34.9
407 10.6 34.9
408 10.6 34.9
409 10.6 34.9
410 10.6 34.9
411 10.6 34.9
412 10.6 34.9
413 10.6 34.91
414 10.6 34.91
415 10.6 34.92
416 10.6 34.92
417 10.6 34.91
418 10.6 34.91
419 10.6 34.91
420 10.6 34.91
421 10.6 34.91
422 10.6 34.91
1 52.56 34.56
2 52.56 34.51
3 52.56 34.51
4 52.56 34.53
5 52.56 34.54
6 52.56 34.54
7 52.56 34.54
8 52.56 34.53
9 52.56 34.53
10 52.56 34.54
11 52.56 34.54
12 52.56 34.53
13 52.56 34.54
14 52.56 34.54
15 52.56 34.55
16 52.56 34.55
17 52.56 34.55
18 52.56 34.55
19 52.56 34.55
20 52.56 34.55
21 52.56 34.55
22 52.56 34.55
23 52.56 34.55
24 52.56 34.55
25 52.56 34.55
26 52.56 34.55
27 52.56 34.55
28 52.56 34.55
29 52.56 34.56
30 52.56 34.56
31 52.56 34.55
32 52.56 34.55
33 52.56 34.55
34 52.56 34.55
35 52.56 34.55
36 52.56 34.55
37 52.56 34.55
38 52.56 34.55
39 52.56 34.55
40 52.56 34.55
41 52.56 34.55
42 52.56 34.55
43 52.56 34.55
44 52.56 34.55
45 52.56 34.55
46 52.56 34.55
47 52.56 34.55
48 52.56 34.55
49 52.56 34.55
50 52.56 34.55
51 52.56 34.56
52 52.56 34.55
53 52.56 34.55
54 52.56 34.55
55 52.56 34.55
56 52.56 34.56
57 52.56 34.55
58 52.56 34.55
59 52.56 34.55
60 52.56 34.55
61 52.56 34.55
62 52.56 34.56
1 15.7 34.47
2 15.7 34.48
3 15.7 34.49
4 15.7 34.49
5 15.7 34.48
6 15.7 34.47
7 15.7 34.47
8 15.7 34.47
9 15.7 34.45
10 15.7 34.46
11 15.7 34.46
12 15.7 34.47
13 15.7 34.48
14 15.7 34.48
15 15.7 34.48
16 15.7 34.48
17 15.7 34.48
18 15.7 34.49
19 15.7 34.49
20 15.7 34.49
21 15.7 34.48
22 15.7 34.48
23 15.7 34.48
24 15.7 34.48
25 15.7 34.48
26 15.7 34.48
27 15.7 34.48
28 15.7 34.48
29 15.7 34.49
30 15.7 34.49
31 15.7 34.49
32 15.7 34.49
33 15.7 34.49
34 15.7 34.49
35 15.7 34.49
36 15.7 34.49
37 15.7 34.49
38 15.7 34.49
39 15.7 34.49
40 15.7 34.49
41 15.7 34.49
42 15.7 34.5
43 15.7 34.5
44 15.7 34.49
45 15.7 34.49
46 15.7 34.5
47 15.7 34.5
48 15.7 34.5
49 15.7 34.5
50 15.7 34.5
51 15.7 34.5
52 15.7 34.5
53 15.7 34.5
54 15.7 34.5
55 15.7 34.5
56 15.7 34.5
57 15.7 34.5
58 15.7 34.5
59 15.7 34.5
60 15.7 34.5
61 15.7 34.5
62 15.7 34.5
63 15.7 34.5
64 15.7 34.51
65 15.7 34.51
66 15.7 34.51
67 15.7 34.51
68 15.7 34.51
69 15.7 34.51
70 15.7 34.51
71 15.7 34.51
72 15.7 34.51
73 15.7 34.51
74 15.7 34.51
75 15.7 34.51
76 15.7 34.51
77 15.7 34.51
78 15.7 34.51
79 15.7 34.51
80 15.7 34.51
81 15.7 34.51
82 15.7 34.51
83 15.7 34.51
84 15.7 34.51
85 15.7 34.51
86 15.7 34.51
87 15.7 34.51
88 15.7 34.51
89 15.7 34.51
90 15.7 34.51
91 15.7 34.51
92 15.7 34.51
93 15.7 34.51
94 15.7 34.51
95 15.7 34.51
96 15.7 34.51
97 15.7 34.51
98 15.7 34.51
99 15.7 34.51
100 15.7 34.51
101 15.7 34.51
102 15.7 34.51
103 15.7 34.51
104 15.7 34.51
105 15.7 34.51
106 15.7 34.51
107 15.7 34.51
108 15.7 34.51
109 15.7 34.51
110 15.7 34.51
111 15.7 34.51
112 15.7 34.51
113 15.7 34.51
114 15.7 34.51
115 15.7 34.52
116 15.7 34.52
117 15.7 34.51
118 15.7 34.51
119 15.7 34.51
120 15.7 34.52
121 15.7 34.53
122 15.7 34.54
123 15.7 34.54
124 15.7 34.53
125 15.7 34.52
126 15.7 34.54
127 15.7 34.56
128 15.7 34.55
129 15.7 34.53
130 15.7 34.54
131 15.7 34.54
132 15.7 34.54
133 15.7 34.54
134 15.7 34.53
135 15.7 34.52
136 15.7 34.53
137 15.7 34.54
138 15.7 34.55
139 15.7 34.54
140 15.7 34.54
141 15.7 34.54
142 15.7 34.54
143 15.7 34.55
144 15.7 34.57
145 15.7 34.56
146 15.7 34.56
147 15.7 34.56
148 15.7 34.56
149 15.7 34.56
150 15.7 34.56
151 15.7 34.56
152 15.7 34.57
153 15.7 34.56
154 15.7 34.56
155 15.7 34.57
156 15.7 34.57
157 15.7 34.57
158 15.7 34.56
159 15.7 34.58
160 15.7 34.58
161 15.7 34.57
162 15.7 34.58
163 15.7 34.57
164 15.7 34.57
165 15.7 34.58
166 15.7 34.57
167 15.7 34.56
168 15.7 34.57
169 15.7 34.57
170 15.7 34.57
171 15.7 34.57
172 15.7 34.57
173 15.7 34.59
174 15.7 34.59
175 15.7 34.58
176 15.7 34.59
177 15.7 34.6
178 15.7 34.59
179 15.7 34.57
180 15.7 34.53
181 15.7 34.57
182 15.7 34.56
183 15.7 34.57
184 15.7 34.6
185 15.7 34.62
186 15.7 34.61
187 15.7 34.62
188 15.7 34.61
189 15.7 34.62
190 15.7 34.61
191 15.7 34.62
192 15.7 34.63
193 15.7 34.68
194 15.7 34.7
195 15.7 34.68
196 15.7 34.65
197 15.7 34.65
198 15.7 34.67
199 15.7 34.67
200 15.7 34.68
201 15.7 34.69
202 15.7 34.78
203 15.7 34.75
204 15.7 34.7
205 15.7 34.7
206 15.7 34.7
207 15.7 34.7
208 15.7 34.72
209 15.7 34.75
210 15.7 34.75
211 15.7 34.71
212 15.7 34.7
213 15.7 34.71
214 15.7 34.73
215 15.7 34.73
216 15.7 34.73
217 15.7 34.73
218 15.7 34.72
219 15.7 34.71
220 15.7 34.72
221 15.7 34.72
222 15.7 34.73
223 15.7 34.74
224 15.7 34.76
225 15.7 34.76
226 15.7 34.75
227 15.7 34.75
228 15.7 34.77
229 15.7 34.78
230 15.7 34.76
231 15.7 34.76
232 15.7 34.76
233 15.7 34.76
234 15.7 34.76
235 15.7 34.76
236 15.7 34.76
237 15.7 34.75
238 15.7 34.74
239 15.7 34.75
240 15.7 34.76
241 15.7 34.76
242 15.7 34.76
243 15.7 34.77
244 15.7 34.77
245 15.7 34.77
246 15.7 34.77
247 15.7 34.77
248 15.7 34.78
249 15.7 34.78
250 15.7 34.77
251 15.7 34.77
252 15.7 34.77
253 15.7 34.77
254 15.7 34.77
255 15.7 34.77
256 15.7 34.77
257 15.7 34.77
258 15.7 34.78
259 15.7 34.81
260 15.7 34.85
261 15.7 34.81
262 15.7 34.8
263 15.7 34.82
264 15.7 34.82
265 15.7 34.81
266 15.7 34.8
267 15.7 34.8
268 15.7 34.79
1 19.5 34.48
2 19.5 34.48
3 19.5 34.47
4 19.5 34.48
5 19.5 34.46
6 19.5 34.48
7 19.5 34.47
8 19.5 34.46
9 19.5 34.46
10 19.5 34.43
11 19.5 34.45
12 19.5 34.48
13 19.5 34.5
14 19.5 34.53
15 19.5 34.51
16 19.5 34.49
17 19.5 34.47
18 19.5 34.49
19 19.5 34.49
20 19.5 34.47
21 19.5 34.45
22 19.5 34.48
23 19.5 34.49
24 19.5 34.49
25 19.5 34.5
26 19.5 34.51
27 19.5 34.51
28 19.5 34.51
29 19.5 34.52
30 19.5 34.52
31 19.5 34.52
32 19.5 34.52
33 19.5 34.52
34 19.5 34.52
35 19.5 34.52
36 19.5 34.52
37 19.5 34.52
38 19.5 34.53
39 19.5 34.54
40 19.5 34.53
41 19.5 34.53
42 19.5 34.53
43 19.5 34.53
44 19.5 34.53
45 19.5 34.53
46 19.5 34.53
47 19.5 34.53
48 19.5 34.52
49 19.5 34.52
50 19.5 34.53
51 19.5 34.54
52 19.5 34.54
53 19.5 34.54
54 19.5 34.54
55 19.5 34.55
56 19.5 34.55
57 19.5 34.55
58 19.5 34.55
59 19.5 34.54
60 19.5 34.55
61 19.5 34.57
62 19.5 34.57
63 19.5 34.56
64 19.5 34.57
65 19.5 34.57
66 19.5 34.57
67 19.5 34.57
68 19.5 34.57
69 19.5 34.57
70 19.5 34.57
71 19.5 34.58
72 19.5 34.58
73 19.5 34.57
74 19.5 34.57
75 19.5 34.58
76 19.5 34.59
77 19.5 34.59
78 19.5 34.59
79 19.5 34.59
80 19.5 34.6
81 19.5 34.59
82 19.5 34.6
83 19.5 34.61
84 19.5 34.6
85 19.5 34.6
86 19.5 34.61
87 19.5 34.61
88 19.5 34.61
89 19.5 34.62
90 19.5 34.61
91 19.5 34.61
92 19.5 34.61
93 19.5 34.6
94 19.5 34.59
95 19.5 34.59
96 19.5 34.59
97 19.5 34.6
98 19.5 34.6
99 19.5 34.61
100 19.5 34.6
101 19.5 34.6
102 19.5 34.58
103 19.5 34.59
104 19.5 34.6
105 19.5 34.69
106 19.5 34.69
107 19.5 34.67
108 19.5 34.68
109 19.5 34.71
110 19.5 34.68
111 19.5 34.66
112 19.5 34.66
113 19.5 34.66
114 19.5 34.66
115 19.5 34.66
116 19.5 34.66
117 19.5 34.66
118 19.5 34.66
119 19.5 34.66
120 19.5 34.66
121 19.5 34.66
122 19.5 34.66
123 19.5 34.65
124 19.5 34.66
125 19.5 34.67
126 19.5 34.67
127 19.5 34.67
128 19.5 34.68
129 19.5 34.69
130 19.5 34.69
131 19.5 34.69
132 19.5 34.69
133 19.5 34.69
134 19.5 34.69
135 19.5 34.69
136 19.5 34.7
137 19.5 34.7
138 19.5 34.7
139 19.5 34.7
140 19.5 34.7
141 19.5 34.7
142 19.5 34.7
143 19.5 34.7
144 19.5 34.7
145 19.5 34.7
146 19.5 34.7
147 19.5 34.7
148 19.5 34.71
149 19.5 34.71
150 19.5 34.71
151 19.5 34.71
152 19.5 34.71
153 19.5 34.71
154 19.5 34.71
155 19.5 34.71
156 19.5 34.71
157 19.5 34.71
158 19.5 34.71
159 19.5 34.71
160 19.5 34.72
161 19.5 34.72
162 19.5 34.72
163 19.5 34.72
164 19.5 34.72
165 19.5 34.72
166 19.5 34.72
167 19.5 34.72
168 19.5 34.72
169 19.5 34.72
170 19.5 34.73
171 19.5 34.73
172 19.5 34.73
173 19.5 34.73
174 19.5 34.73
175 19.5 34.73
176 19.5 34.73
177 19.5 34.73
178 19.5 34.75
179 19.5 34.75
180 19.5 34.74
181 19.5 34.77
182 19.5 34.79
183 19.5 34.8
184 19.5 34.79
185 19.5 34.78
186 19.5 34.78
187 19.5 34.77
188 19.5 34.77
189 19.5 34.78
190 19.5 34.77
191 19.5 34.77
192 19.5 34.77
193 19.5 34.78
194 19.5 34.78
195 19.5 34.78
196 19.5 34.79
197 19.5 34.79
198 19.5 34.79
199 19.5 34.79
200 19.5 34.79
201 19.5 34.8
202 19.5 34.79
1 28.71 34.69
2 28.71 34.69
3 28.71 34.69
4 28.71 34.69
5 28.71 34.69
6 28.71 34.69
7 28.71 34.69
8 28.71 34.69
9 28.71 34.68
10 28.71 34.68
11 28.71 34.66
12 28.71 34.68
13 28.71 34.68
14 28.71 34.69
15 28.71 34.69
16 28.71 34.69
17 28.71 34.69
18 28.71 34.69
19 28.71 34.69
20 28.71 34.69
21 28.71 34.69
22 28.71 34.69
23 28.71 34.69
24 28.71 34.69
25 28.71 34.69
26 28.71 34.69
27 28.71 34.69
28 28.71 34.69
29 28.71 34.69
30 28.71 34.69
31 28.71 34.69
32 28.71 34.69
33 28.71 34.7
34 28.71 34.69
35 28.71 34.7
36 28.71 34.7
37 28.71 34.7
38 28.71 34.7
39 28.71 34.7
40 28.71 34.7
41 28.71 34.7
42 28.71 34.7
43 28.71 34.7
44 28.71 34.7
45 28.71 34.7
46 28.71 34.7
47 28.71 34.7
48 28.71 34.7
49 28.71 34.7
50 28.71 34.69
51 28.71 34.7
52 28.71 34.7
53 28.71 34.7
54 28.71 34.7
55 28.71 34.7
56 28.71 34.7
57 28.71 34.7
58 28.71 34.7
59 28.71 34.7
60 28.71 34.7
61 28.71 34.7
62 28.71 34.7
63 28.71 34.7
64 28.71 34.71
65 28.71 34.71
66 28.71 34.71
67 28.71 34.71
68 28.71 34.7
69 28.71 34.71
70 28.71 34.71
71 28.71 34.72
72 28.71 34.72
73 28.71 34.71
74 28.71 34.71
75 28.71 34.71
76 28.71 34.71
77 28.71 34.71
78 28.71 34.71
79 28.71 34.71
80 28.71 34.71
81 28.71 34.71
82 28.71 34.71
83 28.71 34.71
84 28.71 34.71
85 28.71 34.71
86 28.71 34.71
87 28.71 34.71
88 28.71 34.71
89 28.71 34.71
90 28.71 34.71
91 28.71 34.71
92 28.71 34.71
93 28.71 34.71
94 28.71 34.71
95 28.71 34.71
96 28.71 34.71
97 28.71 34.71
98 28.71 34.71
99 28.71 34.71
100 28.71 34.71
101 28.71 34.71
102 28.71 34.71
103 28.71 34.71
104 28.71 34.71
105 28.71 34.72
106 28.71 34.71
107 28.71 34.71
108 28.71 34.71
109 28.71 34.71
110 28.71 34.72
111 28.71 34.72
112 28.71 34.72
113 28.71 34.72
114 28.71 34.72
115 28.71 34.72
116 28.71 34.72
117 28.71 34.72
118 28.71 34.72
119 28.71 34.72
120 28.71 34.72
121 28.71 34.71
122 28.71 34.72
123 28.71 34.72
124 28.71 34.72
125 28.71 34.72
126 28.71 34.72
127 28.71 34.72
128 28.71 34.72
129 28.71 34.72
130 28.71 34.73
131 28.71 34.73
132 28.71 34.72
133 28.71 34.72
134 28.71 34.73
135 28.71 34.72
136 28.71 34.72
137 28.71 34.72
138 28.71 34.73
139 28.71 34.73
140 28.71 34.74
141 28.71 34.75
142 28.71 34.76
143 28.71 34.76
144 28.71 34.75
145 28.71 34.74
146 28.71 34.74
147 28.71 34.74
148 28.71 34.74
149 28.71 34.75
150 28.71 34.75
151 28.71 34.75
152 28.71 34.75
153 28.71 34.75
154 28.71 34.75
155 28.71 34.75
156 28.71 34.75
157 28.71 34.75
158 28.71 34.75
159 28.71 34.75
160 28.71 34.75
161 28.71 34.75
162 28.71 34.76
163 28.71 34.75
164 28.71 34.75
165 28.71 34.75
166 28.71 34.75
167 28.71 34.75
168 28.71 34.75
169 28.71 34.75
170 28.71 34.76
171 28.71 34.77
172 28.71 34.78
173 28.71 34.77
174 28.71 34.77
175 28.71 34.77
176 28.71 34.77
177 28.71 34.78
178 28.71 34.78
179 28.71 34.78
180 28.71 34.79
181 28.71 34.78
182 28.71 34.78
183 28.71 34.78
184 28.71 34.78
185 28.71 34.78
186 28.71 34.78
187 28.71 34.78
188 28.71 34.79
189 28.71 34.79
190 28.71 34.79
191 28.71 34.79
192 28.71 34.79
193 28.71 34.79
194 28.71 34.8
195 28.71 34.8
196 28.71 34.8
197 28.71 34.81
198 28.71 34.82
199 28.71 34.81
200 28.71 34.82
201 28.71 34.81
202 28.71 34.81
203 28.71 34.81
204 28.71 34.81
205 28.71 34.81
206 28.71 34.81
207 28.71 34.82
208 28.71 34.81
209 28.71 34.81
210 28.71 34.81
211 28.71 34.82
212 28.71 34.83
213 28.71 34.83
214 28.71 34.83
215 28.71 34.83
216 28.71 34.83
217 28.71 34.83
218 28.71 34.83
219 28.71 34.83
220 28.71 34.83
2 37.82 34.68
3 37.82 34.68
4 37.82 34.68
5 37.82 34.68
6 37.82 34.69
7 37.82 34.69
8 37.82 34.68
9 37.82 34.68
10 37.82 34.67
11 37.82 34.67
12 37.82 34.67
13 37.82 34.69
14 37.82 34.69
15 37.82 34.69
16 37.82 34.69
17 37.82 34.69
18 37.82 34.69
19 37.82 34.69
20 37.82 34.69
21 37.82 34.69
22 37.82 34.7
23 37.82 34.7
24 37.82 34.7
25 37.82 34.7
26 37.82 34.71
27 37.82 34.71
28 37.82 34.71
29 37.82 34.71
30 37.82 34.71
31 37.82 34.7
32 37.82 34.7
33 37.82 34.7
34 37.82 34.7
35 37.82 34.7
36 37.82 34.71
37 37.82 34.71
38 37.82 34.71
39 37.82 34.71
40 37.82 34.71
41 37.82 34.71
42 37.82 34.71
43 37.82 34.71
44 37.82 34.71
45 37.82 34.71
46 37.82 34.71
47 37.82 34.71
48 37.82 34.7
49 37.82 34.7
50 37.82 34.7
51 37.82 34.7
52 37.82 34.7
53 37.82 34.7
54 37.82 34.7
55 37.82 34.7
56 37.82 34.7
57 37.82 34.7
58 37.82 34.7
59 37.82 34.7
60 37.82 34.7
61 37.82 34.7
62 37.82 34.7
63 37.82 34.7
64 37.82 34.7
65 37.82 34.7
66 37.82 34.7
67 37.82 34.7
68 37.82 34.7
69 37.82 34.7
70 37.82 34.7
71 37.82 34.7
72 37.82 34.7
73 37.82 34.7
74 37.82 34.7
75 37.82 34.7
76 37.82 34.7
77 37.82 34.71
78 37.82 34.71
79 37.82 34.71
80 37.82 34.71
81 37.82 34.7
82 37.82 34.7
83 37.82 34.7
84 37.82 34.71
85 37.82 34.71
86 37.82 34.71
87 37.82 34.71
88 37.82 34.71
89 37.82 34.71
90 37.82 34.7
91 37.82 34.71
92 37.82 34.71
93 37.82 34.71
94 37.82 34.7
95 37.82 34.71
96 37.82 34.7
97 37.82 34.71
98 37.82 34.71
99 37.82 34.71
100 37.82 34.72
101 37.82 34.71
102 37.82 34.71
103 37.82 34.72
104 37.82 34.72
105 37.82 34.72
106 37.82 34.72
107 37.82 34.72
108 37.82 34.72
109 37.82 34.72
110 37.82 34.71
111 37.82 34.71
112 37.82 34.71
113 37.82 34.71
114 37.82 34.71
115 37.82 34.71
116 37.82 34.72
117 37.82 34.72
118 37.82 34.72
119 37.82 34.72
120 37.82 34.72
121 37.82 34.72
122 37.82 34.72
123 37.82 34.72
124 37.82 34.72
125 37.82 34.72
126 37.82 34.72
127 37.82 34.72
128 37.82 34.72
129 37.82 34.72
130 37.82 34.72
131 37.82 34.72
132 37.82 34.72
133 37.82 34.72
134 37.82 34.72
135 37.82 34.73
136 37.82 34.73
137 37.82 34.73
138 37.82 34.73
139 37.82 34.72
140 37.82 34.73
141 37.82 34.74
142 37.82 34.74
143 37.82 34.73
144 37.82 34.74
145 37.82 34.74
146 37.82 34.73
147 37.82 34.72
148 37.82 34.73
149 37.82 34.73
150 37.82 34.73
151 37.82 34.73
152 37.82 34.73
153 37.82 34.73
154 37.82 34.73
155 37.82 34.71
156 37.82 34.72
157 37.82 34.71
158 37.82 34.72
159 37.82 34.72
160 37.82 34.72
161 37.82 34.72
162 37.82 34.72
163 37.82 34.72
164 37.82 34.72
165 37.82 34.72
166 37.82 34.73
167 37.82 34.73
168 37.82 34.73
169 37.82 34.73
170 37.82 34.73
171 37.82 34.73
172 37.82 34.73
173 37.82 34.73
174 37.82 34.73
175 37.82 34.73
176 37.82 34.73
177 37.82 34.73
178 37.82 34.73
179 37.82 34.73
180 37.82 34.73
181 37.82 34.73
182 37.82 34.73
183 37.82 34.73
184 37.82 34.73
185 37.82 34.74
186 37.82 34.73
187 37.82 34.74
188 37.82 34.74
189 37.82 34.74
190 37.82 34.73
191 37.82 34.74
192 37.82 34.74
193 37.82 34.74
194 37.82 34.74
195 37.82 34.75
196 37.82 34.74
197 37.82 34.74
198 37.82 34.75
199 37.82 34.75
200 37.82 34.75
201 37.82 34.76
202 37.82 34.77
203 37.82 34.78
204 37.82 34.79
205 37.82 34.78
206 37.82 34.77
207 37.82 34.77
208 37.82 34.77
209 37.82 34.77
210 37.82 34.77
211 37.82 34.77
212 37.82 34.77
213 37.82 34.77
214 37.82 34.77
215 37.82 34.77
216 37.82 34.78
217 37.82 34.78
218 37.82 34.79
219 37.82 34.8
220 37.82 34.81
221 37.82 34.82
222 37.82 34.8
223 37.82 34.8
224 37.82 34.8
225 37.82 34.8
226 37.82 34.79
1 47.45 34.7
2 47.45 34.7
3 47.45 34.7
4 47.45 34.7
5 47.45 34.7
6 47.45 34.68
7 47.45 34.69
8 47.45 34.7
9 47.45 34.7
10 47.45 34.7
11 47.45 34.7
12 47.45 34.7
13 47.45 34.7
14 47.45 34.7
15 47.45 34.7
16 47.45 34.7
17 47.45 34.7
18 47.45 34.7
19 47.45 34.7
20 47.45 34.7
21 47.45 34.7
22 47.45 34.7
23 47.45 34.7
24 47.45 34.7
25 47.45 34.7
26 47.45 34.7
27 47.45 34.7
28 47.45 34.7
29 47.45 34.7
30 47.45 34.7
31 47.45 34.7
32 47.45 34.7
33 47.45 34.7
34 47.45 34.7
35 47.45 34.7
36 47.45 34.7
37 47.45 34.7
38 47.45 34.7
39 47.45 34.7
40 47.45 34.7
41 47.45 34.7
42 47.45 34.7
43 47.45 34.7
44 47.45 34.7
45 47.45 34.7
46 47.45 34.7
47 47.45 34.7
48 47.45 34.7
49 47.45 34.7
50 47.45 34.7
51 47.45 34.7
52 47.45 34.7
53 47.45 34.7
54 47.45 34.71
55 47.45 34.7
56 47.45 34.7
57 47.45 34.71
58 47.45 34.71
59 47.45 34.71
60 47.45 34.71
61 47.45 34.71
62 47.45 34.71
63 47.45 34.71
64 47.45 34.71
65 47.45 34.71
66 47.45 34.71
67 47.45 34.71
68 47.45 34.71
69 47.45 34.71
70 47.45 34.71
71 47.45 34.71
72 47.45 34.71
73 47.45 34.71
74 47.45 34.71
75 47.45 34.71
76 47.45 34.71
77 47.45 34.71
78 47.45 34.71
79 47.45 34.71
80 47.45 34.71
81 47.45 34.71
82 47.45 34.71
83 47.45 34.71
84 47.45 34.71
85 47.45 34.71
86 47.45 34.71
87 47.45 34.71
88 47.45 34.71
89 47.45 34.71
90 47.45 34.71
91 47.45 34.71
92 47.45 34.71
93 47.45 34.71
94 47.45 34.71
95 47.45 34.71
96 47.45 34.71
97 47.45 34.71
98 47.45 34.71
99 47.45 34.71
100 47.45 34.71
101 47.45 34.71
102 47.45 34.71
103 47.45 34.71
104 47.45 34.72
105 47.45 34.71
106 47.45 34.71
107 47.45 34.71
108 47.45 34.71
109 47.45 34.71
110 47.45 34.71
111 47.45 34.72
112 47.45 34.71
113 47.45 34.71
114 47.45 34.71
115 47.45 34.72
116 47.45 34.71
117 47.45 34.71
118 47.45 34.71
119 47.45 34.71
120 47.45 34.71
121 47.45 34.71
122 47.45 34.71
123 47.45 34.72
124 47.45 34.72
125 47.45 34.72
126 47.45 34.72
127 47.45 34.72
128 47.45 34.72
129 47.45 34.72
130 47.45 34.72
131 47.45 34.72
132 47.45 34.72
133 47.45 34.72
134 47.45 34.73
135 47.45 34.73
136 47.45 34.73
137 47.45 34.73
138 47.45 34.73
139 47.45 34.73
140 47.45 34.73
141 47.45 34.74
142 47.45 34.73
143 47.45 34.73
144 47.45 34.73
145 47.45 34.73
146 47.45 34.73
147 47.45 34.73
148 47.45 34.73
149 47.45 34.73
150 47.45 34.73
151 47.45 34.73
152 47.45 34.73
153 47.45 34.73
154 47.45 34.73
155 47.45 34.73
156 47.45 34.73
157 47.45 34.73
158 47.45 34.73
159 47.45 34.73
160 47.45 34.74
161 47.45 34.74
162 47.45 34.74
163 47.45 34.74
164 47.45 34.74
165 47.45 34.74
166 47.45 34.74
167 47.45 34.74
168 47.45 34.74
169 47.45 34.74
170 47.45 34.74
171 47.45 34.74
172 47.45 34.74
173 47.45 34.74
174 47.45 34.74
175 47.45 34.74
176 47.45 34.74
177 47.45 34.74
178 47.45 34.74
179 47.45 34.74
180 47.45 34.74
181 47.45 34.75
182 47.45 34.75
183 47.45 34.75
184 47.45 34.75
185 47.45 34.75
186 47.45 34.75
187 47.45 34.75
188 47.45 34.75
189 47.45 34.75
190 47.45 34.75
191 47.45 34.75
192 47.45 34.75
193 47.45 34.75
194 47.45 34.75
195 47.45 34.76
196 47.45 34.76
197 47.45 34.76
198 47.45 34.76
199 47.45 34.76
200 47.45 34.76
201 47.45 34.76
202 47.45 34.77
203 47.45 34.77
204 47.45 34.77
205 47.45 34.77
206 47.45 34.77
207 47.45 34.77
208 47.45 34.78
209 47.45 34.77
210 47.45 34.77
211 47.45 34.78
212 47.45 34.77
213 47.45 34.77
214 47.45 34.78
215 47.45 34.79
216 47.45 34.79
217 47.45 34.78
218 47.45 34.78
219 47.45 34.79
220 47.45 34.79
221 47.45 34.79
222 47.45 34.79
223 47.45 34.79
224 47.45 34.79
225 47.45 34.79
226 47.45 34.79
227 47.45 34.79
228 47.45 34.8
229 47.45 34.81
230 47.45 34.8
231 47.45 34.8
232 47.45 34.8
233 47.45 34.8
234 47.45 34.8
235 47.45 34.8
236 47.45 34.8
237 47.45 34.8
238 47.45 34.8
239 47.45 34.8
240 47.45 34.8
241 47.45 34.8
242 47.45 34.8
243 47.45 34.81
244 47.45 34.8
245 47.45 34.8
246 47.45 34.81
247 47.45 34.81
248 47.45 34.8
249 47.45 34.81
250 47.45 34.81
251 47.45 34.81
252 47.45 34.81
253 47.45 34.81
254 47.45 34.81
255 47.45 34.81
256 47.45 34.82
257 47.45 34.82
258 47.45 34.82
259 47.45 34.82
260 47.45 34.82
261 47.45 34.82
262 47.45 34.82
263 47.45 34.82
264 47.45 34.82
265 47.45 34.82
266 47.45 34.82
267 47.45 34.82
268 47.45 34.82
269 47.45 34.82
270 47.45 34.82
271 47.45 34.81
272 47.45 34.79
1 56.15 34.7
2 56.15 34.7
3 56.15 34.7
4 56.15 34.7
5 56.15 34.7
6 56.15 34.7
7 56.15 34.7
8 56.15 34.7
9 56.15 34.7
10 56.15 34.7
11 56.15 34.7
12 56.15 34.71
13 56.15 34.71
14 56.15 34.71
15 56.15 34.71
16 56.15 34.71
17 56.15 34.71
18 56.15 34.71
19 56.15 34.71
20 56.15 34.71
21 56.15 34.71
22 56.15 34.71
23 56.15 34.71
24 56.15 34.71
25 56.15 34.71
26 56.15 34.71
27 56.15 34.71
28 56.15 34.71
29 56.15 34.71
30 56.15 34.71
31 56.15 34.71
32 56.15 34.71
33 56.15 34.71
34 56.15 34.71
35 56.15 34.71
36 56.15 34.71
37 56.15 34.71
38 56.15 34.72
39 56.15 34.72
40 56.15 34.72
41 56.15 34.72
42 56.15 34.72
43 56.15 34.72
44 56.15 34.72
45 56.15 34.72
46 56.15 34.72
47 56.15 34.73
48 56.15 34.73
49 56.15 34.72
50 56.15 34.73
51 56.15 34.73
52 56.15 34.73
53 56.15 34.72
54 56.15 34.73
55 56.15 34.72
56 56.15 34.73
57 56.15 34.73
58 56.15 34.72
59 56.15 34.72
60 56.15 34.73
61 56.15 34.73
62 56.15 34.74
63 56.15 34.74
64 56.15 34.73
65 56.15 34.73
66 56.15 34.73
67 56.15 34.73
68 56.15 34.73
69 56.15 34.73
70 56.15 34.72
71 56.15 34.71
72 56.15 34.73
73 56.15 34.73
74 56.15 34.73
75 56.15 34.73
76 56.15 34.73
77 56.15 34.73
78 56.15 34.73
79 56.15 34.73
80 56.15 34.73
81 56.15 34.73
82 56.15 34.73
83 56.15 34.73
84 56.15 34.73
85 56.15 34.73
86 56.15 34.73
87 56.15 34.73
88 56.15 34.73
89 56.15 34.72
90 56.15 34.73
91 56.15 34.73
92 56.15 34.73
93 56.15 34.73
94 56.15 34.73
95 56.15 34.73
96 56.15 34.73
97 56.15 34.73
98 56.15 34.73
99 56.15 34.73
100 56.15 34.73
101 56.15 34.73
102 56.15 34.73
103 56.15 34.73
104 56.15 34.73
105 56.15 34.73
106 56.15 34.73
107 56.15 34.73
108 56.15 34.74
109 56.15 34.74
110 56.15 34.74
111 56.15 34.74
112 56.15 34.74
113 56.15 34.74
114 56.15 34.74
115 56.15 34.74
116 56.15 34.74
117 56.15 34.74
118 56.15 34.74
119 56.15 34.75
120 56.15 34.76
121 56.15 34.75
122 56.15 34.75
123 56.15 34.76
124 56.15 34.75
125 56.15 34.75
126 56.15 34.75
127 56.15 34.76
128 56.15 34.76
129 56.15 34.77
130 56.15 34.77
131 56.15 34.77
132 56.15 34.77
133 56.15 34.77
134 56.15 34.76
135 56.15 34.76
136 56.15 34.77
137 56.15 34.77
138 56.15 34.77
139 56.15 34.77
140 56.15 34.77
141 56.15 34.77
142 56.15 34.77
143 56.15 34.77
144 56.15 34.77
145 56.15 34.77
146 56.15 34.77
147 56.15 34.77
148 56.15 34.77
149 56.15 34.77
150 56.15 34.77
151 56.15 34.77
152 56.15 34.77
153 56.15 34.78
154 56.15 34.78
155 56.15 34.78
156 56.15 34.78
157 56.15 34.78
158 56.15 34.78
159 56.15 34.78
160 56.15 34.78
161 56.15 34.78
162 56.15 34.78
163 56.15 34.79
164 56.15 34.79
165 56.15 34.79
166 56.15 34.79
167 56.15 34.79
168 56.15 34.79
169 56.15 34.79
170 56.15 34.79
171 56.15 34.79
172 56.15 34.79
173 56.15 34.79
174 56.15 34.79
175 56.15 34.79
176 56.15 34.79
177 56.15 34.8
178 56.15 34.79
179 56.15 34.8
180 56.15 34.8
181 56.15 34.8
182 56.15 34.8
183 56.15 34.8
184 56.15 34.8
185 56.15 34.8
186 56.15 34.8
187 56.15 34.8
188 56.15 34.8
189 56.15 34.8
190 56.15 34.8
191 56.15 34.82
192 56.15 34.83
193 56.15 34.83
194 56.15 34.82
195 56.15 34.81
196 56.15 34.81
197 56.15 34.81
198 56.15 34.81
199 56.15 34.81
200 56.15 34.81
201 56.15 34.82
202 56.15 34.82
203 56.15 34.82
204 56.15 34.82
205 56.15 34.82
206 56.15 34.82
207 56.15 34.82
208 56.15 34.82
209 56.15 34.82
210 56.15 34.82
211 56.15 34.82
212 56.15 34.83
213 56.15 34.82
214 56.15 34.82
215 56.15 34.82
2 64.34 34.6
3 64.34 34.6
4 64.34 34.6
5 64.34 34.6
6 64.34 34.6
7 64.34 34.61
8 64.34 34.6
9 64.34 34.6
10 64.34 34.6
11 64.34 34.61
12 64.34 34.61
13 64.34 34.61
14 64.34 34.61
15 64.34 34.61
16 64.34 34.61
17 64.34 34.61
18 64.34 34.61
19 64.34 34.61
20 64.34 34.61
21 64.34 34.61
22 64.34 34.61
23 64.34 34.61
24 64.34 34.61
25 64.34 34.61
26 64.34 34.61
27 64.34 34.62
28 64.34 34.62
29 64.34 34.63
30 64.34 34.65
31 64.34 34.66
32 64.34 34.67
33 64.34 34.66
34 64.34 34.65
35 64.34 34.66
36 64.34 34.65
37 64.34 34.65
38 64.34 34.65
39 64.34 34.65
40 64.34 34.66
41 64.34 34.66
42 64.34 34.66
43 64.34 34.66
44 64.34 34.66
45 64.34 34.66
46 64.34 34.67
47 64.34 34.67
48 64.34 34.67
49 64.34 34.67
50 64.34 34.67
51 64.34 34.67
52 64.34 34.67
53 64.34 34.67
54 64.34 34.67
55 64.34 34.68
56 64.34 34.68
57 64.34 34.68
58 64.34 34.68
59 64.34 34.68
60 64.34 34.68
61 64.34 34.69
62 64.34 34.7
63 64.34 34.69
64 64.34 34.7
65 64.34 34.7
66 64.34 34.7
67 64.34 34.7
68 64.34 34.7
69 64.34 34.7
70 64.34 34.7
71 64.34 34.7
72 64.34 34.71
73 64.34 34.71
74 64.34 34.71
75 64.34 34.71
76 64.34 34.71
77 64.34 34.71
78 64.34 34.71
79 64.34 34.71
80 64.34 34.71
81 64.34 34.71
82 64.34 34.71
83 64.34 34.71
84 64.34 34.71
85 64.34 34.71
86 64.34 34.72
87 64.34 34.72
88 64.34 34.71
89 64.34 34.72
90 64.34 34.72
91 64.34 34.72
92 64.34 34.72
93 64.34 34.72
94 64.34 34.72
95 64.34 34.72
96 64.34 34.72
97 64.34 34.72
98 64.34 34.72
99 64.34 34.72
100 64.34 34.72
101 64.34 34.72
102 64.34 34.71
103 64.34 34.71
104 64.34 34.71
105 64.34 34.71
106 64.34 34.71
107 64.34 34.7
108 64.34 34.7
109 64.34 34.71
110 64.34 34.71
111 64.34 34.71
112 64.34 34.71
113 64.34 34.71
114 64.34 34.71
115 64.34 34.71
116 64.34 34.71
117 64.34 34.71
118 64.34 34.71
119 64.34 34.71
120 64.34 34.71
121 64.34 34.71
122 64.34 34.71
123 64.34 34.71
124 64.34 34.71
125 64.34 34.71
126 64.34 34.71
127 64.34 34.71
128 64.34 34.71
129 64.34 34.72
130 64.34 34.72
131 64.34 34.72
132 64.34 34.72
133 64.34 34.72
134 64.34 34.72
135 64.34 34.71
136 64.34 34.72
137 64.34 34.74
138 64.34 34.74
139 64.34 34.73
140 64.34 34.68
141 64.34 34.7
142 64.34 34.71
143 64.34 34.73
144 64.34 34.73
145 64.34 34.73
146 64.34 34.72
147 64.34 34.73
148 64.34 34.74
149 64.34 34.73
150 64.34 34.73
151 64.34 34.73
152 64.34 34.72
153 64.34 34.73
154 64.34 34.73
155 64.34 34.73
156 64.34 34.73
157 64.34 34.74
158 64.34 34.73
159 64.34 34.74
160 64.34 34.74
161 64.34 34.73
162 64.34 34.73
163 64.34 34.74
164 64.34 34.73
165 64.34 34.74
166 64.34 34.74
167 64.34 34.74
168 64.34 34.73
169 64.34 34.74
170 64.34 34.74
171 64.34 34.74
172 64.34 34.74
173 64.34 34.74
174 64.34 34.74
175 64.34 34.74
176 64.34 34.75
177 64.34 34.72
178 64.34 34.73
1 36.45 34.52
2 36.45 34.52
3 36.45 34.52
4 36.45 34.52
5 36.45 34.52
6 36.45 34.52
7 36.45 34.52
8 36.45 34.51
9 36.45 34.51
10 36.45 34.51
11 36.45 34.51
12 36.45 34.51
13 36.45 34.51
14 36.45 34.52
15 36.45 34.52
16 36.45 34.52
17 36.45 34.52
18 36.45 34.52
19 36.45 34.52
20 36.45 34.52
21 36.45 34.52
22 36.45 34.52
23 36.45 34.52
24 36.45 34.52
25 36.45 34.52
26 36.45 34.53
27 36.45 34.53
28 36.45 34.54
29 36.45 34.54
30 36.45 34.55
31 36.45 34.55
32 36.45 34.55
33 36.45 34.55
34 36.45 34.54
35 36.45 34.54
36 36.45 34.54
37 36.45 34.54
38 36.45 34.54
39 36.45 34.54
40 36.45 34.55
41 36.45 34.55
42 36.45 34.55
43 36.45 34.54
44 36.45 34.54
45 36.45 34.54
46 36.45 34.55
47 36.45 34.55
48 36.45 34.54
49 36.45 34.55
50 36.45 34.55
51 36.45 34.55
52 36.45 34.55
53 36.45 34.55
54 36.45 34.55
55 36.45 34.55
56 36.45 34.55
57 36.45 34.55
58 36.45 34.55
59 36.45 34.55
60 36.45 34.55
61 36.45 34.55
62 36.45 34.55
63 36.45 34.55
64 36.45 34.55
65 36.45 34.55
66 36.45 34.55
67 36.45 34.55
68 36.45 34.55
69 36.45 34.56
70 36.45 34.56
71 36.45 34.56
72 36.45 34.56
2 36.86 34.53
3 36.86 34.53
4 36.86 34.53
5 36.86 34.53
6 36.86 34.53
7 36.86 34.53
8 36.86 34.53
9 36.86 34.53
10 36.86 34.53
11 36.86 34.53
12 36.86 34.52
13 36.86 34.53
14 36.86 34.53
15 36.86 34.53
16 36.86 34.53
17 36.86 34.53
18 36.86 34.52
19 36.86 34.52
20 36.86 34.53
21 36.86 34.53
22 36.86 34.53
23 36.86 34.53
24 36.86 34.53
25 36.86 34.53
26 36.86 34.53
27 36.86 34.53
28 36.86 34.53
29 36.86 34.53
30 36.86 34.53
31 36.86 34.52
32 36.86 34.52
33 36.86 34.52
34 36.86 34.53
35 36.86 34.53
36 36.86 34.53
37 36.86 34.53
38 36.86 34.52
39 36.86 34.52
40 36.86 34.53
1 37.47 34.53
2 37.47 34.52
3 37.47 34.52
4 37.47 34.52
5 37.47 34.53
6 37.47 34.53
7 37.47 34.53
8 37.47 34.52
9 37.47 34.52
10 37.47 34.53
11 37.47 34.53
12 37.47 34.53
13 37.47 34.53
14 37.47 34.53
15 37.47 34.52
16 37.47 34.52
17 37.47 34.52
18 37.47 34.52
19 37.47 34.53
20 37.47 34.53
21 37.47 34.53
22 37.47 34.53
23 37.47 34.53
24 37.47 34.53
25 37.47 34.53
26 37.47 34.53
27 37.47 34.52