10.0 0.0
10.0 431.0
10.28 433.18
11.56 426.61
12.84 405.79
13.48 376.20
13.96 338.94
14.91 289.64
15.07 255.67
15.87 240.33
17.15 230.46
18.75 229.37
20.34 235.94
23.06 234.85
26.89 227.18
29.29 224.99
30.40 215.12
31.52 201.97
33.12 189.92
35.99 188.83
37.27 205.26
37.75 220.60
39.03 230.46
39.83 215.12
39.83 204.17
40.94 178.96
42.22 176.77
43.50 184.44
44.62 209.64
45.73 231.56
45.89 245.80
47.01 255.67
48.77 266.62
50.69 269.91
51.32 274.29
51.80 288.54
52.28 296.21
53.08 299.50
54.04 289.64
54.68 274.29
56.43 252.38
58.35 237.04
59.63 222.79
61.23 215.12
62.0 210.0
62.0 0.0
10.0 0.0